0 1
0 2
1 0
1 3
1 4
2 0
2 5
2 6
3 1
3 7
3 8
4 1
4 9
4 10
5 2
5 11
5 12
6 2
6 13
6 14
7 3
7 15
7 16
8 3
8 17
8 18
9 4
9 19
9 20
10 4
10 21
10 22
11 5
11 23
11 24
12 5
12 25
12 26
13 6
13 27
13 28
14 6
14 29
14 30
15 7
15 31
15 32
16 7
16 33
16 34
17 8
17 35
17 36
18 8
18 37
18 38
19 9
19 39
19 40
20 9
20 41
20 42
21 10
21 43
21 44
22 10
22 45
22 46
23 11
23 47
23 48
24 11
24 49
24 50
25 12
25 51
25 52
26 12
26 53
26 54
27 13
27 55
27 56
28 13
28 57
28 58
29 14
29 59
29 60
30 14
30 61
30 62
31 15
31 63
31 64
32 15
32 65
32 66
33 16
33 67
33 68
34 16
34 69
34 70
35 17
35 71
35 72
36 17
36 73
36 74
37 18
37 75
37 76
38 18
38 77
38 78
39 19
39 79
39 80
40 19
40 81
40 82
41 20
41 83
41 84
42 20
42 85
42 86
43 21
43 87
43 88
44 21
44 89
44 90
45 22
45 91
45 92
46 22
46 93
46 94
47 23
47 95
47 96
48 23
48 97
48 98
49 24
49 99
49 100
50 24
50 101
50 102
51 25
51 103
51 104
52 25
52 105
52 106
53 26
53 107
53 108
54 26
54 109
54 110
55 27
55 111
55 112
56 27
56 113
56 114
57 28
57 115
57 116
58 28
58 117
58 118
59 29
59 119
59 120
60 29
60 121
60 122
61 30
61 123
61 124
62 30
62 125
62 126
63 31
63 127
63 128
64 31
64 129
64 130
65 32
65 131
65 132
66 32
66 133
66 134
67 33
67 135
67 136
68 33
68 137
68 138
69 34
69 139
69 140
70 34
70 141
70 142
71 35
71 143
71 144
72 35
72 145
72 146
73 36
73 147
73 148
74 36
74 149
74 150
75 37
75 151
75 152
76 37
76 153
76 154
77 38
77 155
77 156
78 38
78 157
78 158
79 39
79 159
79 160
80 39
80 161
80 162
81 40
81 163
81 164
82 40
82 165
82 166
83 41
83 167
83 168
84 41
84 169
84 170
85 42
85 171
85 172
86 42
86 173
86 174
87 43
87 175
87 176
88 43
88 177
88 178
89 44
89 179
89 180
90 44
90 181
90 182
91 45
91 183
91 184
92 45
92 185
92 186
93 46
93 187
93 188
94 46
94 189
94 190
95 47
95 191
95 192
96 47
96 193
96 194
97 48
97 195
97 196
98 48
98 197
98 198
99 49
99 199
99 200
100 49
100 201
100 202
101 50
101 203
101 204
102 50
102 205
102 206
103 51
103 207
103 208
104 51
104 209
104 210
105 52
105 211
105 212
106 52
106 213
106 214
107 53
107 215
107 216
108 53
108 217
108 218
109 54
109 219
109 220
110 54
110 221
110 222
111 55
111 223
111 224
112 55
112 225
112 226
113 56
113 227
113 228
114 56
114 229
114 230
115 57
115 231
115 232
116 57
116 233
116 234
117 58
117 235
117 236
118 58
118 237
118 238
119 59
119 239
119 240
120 59
120 241
120 242
121 60
121 243
121 244
122 60
122 245
122 246
123 61
123 247
123 248
124 61
124 249
124 250
125 62
125 251
125 252
126 62
126 253
126 254
127 63
127 255
127 256
128 63
128 257
128 258
129 64
129 259
129 260
130 64
130 261
130 262
131 65
131 263
131 264
132 65
132 265
132 266
133 66
133 267
133 268
134 66
134 269
134 270
135 67
135 271
135 272
136 67
136 273
136 274
137 68
137 275
137 276
138 68
138 277
138 278
139 69
139 279
139 280
140 69
140 281
140 282
141 70
141 283
141 284
142 70
142 285
142 286
143 71
143 287
143 288
144 71
144 289
144 290
145 72
145 291
145 292
146 72
146 293
146 294
147 73
147 295
147 296
148 73
148 297
148 298
149 74
149 299
149 300
150 74
150 301
150 302
151 75
151 303
151 304
152 75
152 305
152 306
153 76
153 307
153 308
154 76
154 309
154 310
155 77
155 311
155 312
156 77
156 313
156 314
157 78
157 315
157 316
158 78
158 317
158 318
159 79
159 319
159 320
160 79
160 321
160 322
161 80
161 323
161 324
162 80
162 325
162 326
163 81
163 327
163 328
164 81
164 329
164 330
165 82
165 331
165 332
166 82
166 333
166 334
167 83
167 335
167 336
168 83
168 337
168 338
169 84
169 339
169 340
170 84
170 341
170 342
171 85
171 343
171 344
172 85
172 345
172 346
173 86
173 347
173 348
174 86
174 349
174 350
175 87
175 351
175 352
176 87
176 353
176 354
177 88
177 355
177 356
178 88
178 357
178 358
179 89
179 359
179 360
180 89
180 361
180 362
181 90
181 363
181 364
182 90
182 365
182 366
183 91
183 367
183 368
184 91
184 369
184 370
185 92
185 371
185 372
186 92
186 373
186 374
187 93
187 375
187 376
188 93
188 377
188 378
189 94
189 379
189 380
190 94
190 381
190 382
191 95
191 383
191 384
192 95
192 385
192 386
193 96
193 387
193 388
194 96
194 389
194 390
195 97
195 391
195 392
196 97
196 393
196 394
197 98
197 395
197 396
198 98
198 397
198 398
199 99
199 399
199 400
200 99
200 401
200 402
201 100
201 403
201 404
202 100
202 405
202 406
203 101
203 407
203 408
204 101
204 409
204 410
205 102
205 411
205 412
206 102
206 413
206 414
207 103
207 415
207 416
208 103
208 417
208 418
209 104
209 419
209 420
210 104
210 421
210 422
211 105
211 423
211 424
212 105
212 425
212 426
213 106
213 427
213 428
214 106
214 429
214 430
215 107
215 431
215 432
216 107
216 433
216 434
217 108
217 435
217 436
218 108
218 437
218 438
219 109
219 439
219 440
220 109
220 441
220 442
221 110
221 443
221 444
222 110
222 445
222 446
223 111
223 447
223 448
224 111
224 449
224 450
225 112
225 451
225 452
226 112
226 453
226 454
227 113
227 455
227 456
228 113
228 457
228 458
229 114
229 459
229 460
230 114
230 461
230 462
231 115
231 463
231 464
232 115
232 465
232 466
233 116
233 467
233 468
234 116
234 469
234 470
235 117
235 471
235 472
236 117
236 473
236 474
237 118
237 475
237 476
238 118
238 477
238 478
239 119
239 479
239 480
240 119
240 481
240 482
241 120
241 483
241 484
242 120
242 485
242 486
243 121
243 487
243 488
244 121
244 489
244 490
245 122
245 491
245 492
246 122
246 493
246 494
247 123
247 495
247 496
248 123
248 497
248 498
249 124
249 499
249 500
250 124
250 501
250 502
251 125
251 503
251 504
252 125
252 505
252 506
253 126
253 507
253 508
254 126
254 509
254 510
255 127
255 511
255 512
256 127
256 513
256 514
257 128
257 515
257 516
258 128
258 517
258 518
259 129
259 519
259 520
260 129
260 521
260 522
261 130
261 523
261 524
262 130
262 525
262 526
263 131
263 527
263 528
264 131
264 529
264 530
265 132
265 531
265 532
266 132
266 533
266 534
267 133
267 535
267 536
268 133
268 537
268 538
269 134
269 539
269 540
270 134
270 541
270 542
271 135
271 543
271 544
272 135
272 545
272 546
273 136
273 547
273 548
274 136
274 549
274 550
275 137
275 551
275 552
276 137
276 553
276 554
277 138
277 555
277 556
278 138
278 557
278 558
279 139
279 559
279 560
280 139
280 561
280 562
281 140
281 563
281 564
282 140
282 565
282 566
283 141
283 567
283 568
284 141
284 569
284 570
285 142
285 571
285 572
286 142
286 573
286 574
287 143
287 575
287 576
288 143
288 577
288 578
289 144
289 579
289 580
290 144
290 581
290 582
291 145
291 583
291 584
292 145
292 585
292 586
293 146
293 587
293 588
294 146
294 589
294 590
295 147
295 591
295 592
296 147
296 593
296 594
297 148
297 595
297 596
298 148
298 597
298 598
299 149
299 599
299 600
300 149
300 601
300 602
301 150
301 603
301 604
302 150
302 605
302 606
303 151
303 607
303 608
304 151
304 609
304 610
305 152
305 611
305 612
306 152
306 613
306 614
307 153
307 615
307 616
308 153
308 617
308 618
309 154
309 619
309 620
310 154
310 621
310 622
311 155
311 623
311 624
312 155
312 625
312 626
313 156
313 627
313 628
314 156
314 629
314 630
315 157
315 631
315 632
316 157
316 633
316 634
317 158
317 635
317 636
318 158
318 637
318 638
319 159
319 639
319 640
320 159
320 641
320 642
321 160
321 643
321 644
322 160
322 645
322 646
323 161
323 647
323 648
324 161
324 649
324 650
325 162
325 651
325 652
326 162
326 653
326 654
327 163
327 655
327 656
328 163
328 657
328 658
329 164
329 659
329 660
330 164
330 661
330 662
331 165
331 663
331 664
332 165
332 665
332 666
333 166
333 667
333 668
334 166
334 669
334 670
335 167
335 671
335 672
336 167
336 673
336 674
337 168
337 675
337 676
338 168
338 677
338 678
339 169
339 679
339 680
340 169
340 681
340 682
341 170
341 683
341 684
342 170
342 685
342 686
343 171
343 687
343 688
344 171
344 689
344 690
345 172
345 691
345 692
346 172
346 693
346 694
347 173
347 695
347 696
348 173
348 697
348 698
349 174
349 699
349 700
350 174
350 701
350 702
351 175
351 703
351 704
352 175
352 705
352 706
353 176
353 707
353 708
354 176
354 709
354 710
355 177
355 711
355 712
356 177
356 713
356 714
357 178
357 715
357 716
358 178
358 717
358 718
359 179
359 719
359 720
360 179
360 721
360 722
361 180
361 723
361 724
362 180
362 725
362 726
363 181
363 727
363 728
364 181
364 729
364 730
365 182
365 731
365 732
366 182
366 733
366 734
367 183
367 735
367 736
368 183
368 737
368 738
369 184
369 739
369 740
370 184
370 741
370 742
371 185
371 743
371 744
372 185
372 745
372 746
373 186
373 747
373 748
374 186
374 749
374 750
375 187
375 751
375 752
376 187
376 753
376 754
377 188
377 755
377 756
378 188
378 757
378 758
379 189
379 759
379 760
380 189
380 761
380 762
381 190
381 763
381 764
382 190
382 765
382 766
383 191
383 767
383 768
384 191
384 769
384 770
385 192
385 771
385 772
386 192
386 773
386 774
387 193
387 775
387 776
388 193
388 777
388 778
389 194
389 779
389 780
390 194
390 781
390 782
391 195
391 783
391 784
392 195
392 785
392 786
393 196
393 787
393 788
394 196
394 789
394 790
395 197
395 791
395 792
396 197
396 793
396 794
397 198
397 795
397 796
398 198
398 797
398 798
399 199
399 799
399 800
400 199
400 801
400 802
401 200
401 803
401 804
402 200
402 805
402 806
403 201
403 807
403 808
404 201
404 809
404 810
405 202
405 811
405 812
406 202
406 813
406 814
407 203
407 815
407 816
408 203
408 817
408 818
409 204
409 819
409 820
410 204
410 821
410 822
411 205
411 823
411 824
412 205
412 825
412 826
413 206
413 827
413 828
414 206
414 829
414 830
415 207
415 831
415 832
416 207
416 833
416 834
417 208
417 835
417 836
418 208
418 837
418 838
419 209
419 839
419 840
420 209
420 841
420 842
421 210
421 843
421 844
422 210
422 845
422 846
423 211
423 847
423 848
424 211
424 849
424 850
425 212
425 851
425 852
426 212
426 853
426 854
427 213
427 855
427 856
428 213
428 857
428 858
429 214
429 859
429 860
430 214
430 861
430 862
431 215
431 863
431 864
432 215
432 865
432 866
433 216
433 867
433 868
434 216
434 869
434 870
435 217
435 871
435 872
436 217
436 873
436 874
437 218
437 875
437 876
438 218
438 877
438 878
439 219
439 879
439 880
440 219
440 881
440 882
441 220
441 883
441 884
442 220
442 885
442 886
443 221
443 887
443 888
444 221
444 889
444 890
445 222
445 891
445 892
446 222
446 893
446 894
447 223
447 895
447 896
448 223
448 897
448 898
449 224
449 899
449 900
450 224
450 901
450 902
451 225
451 903
451 904
452 225
452 905
452 906
453 226
453 907
453 908
454 226
454 909
454 910
455 227
455 911
455 912
456 227
456 913
456 914
457 228
457 915
457 916
458 228
458 917
458 918
459 229
459 919
459 920
460 229
460 921
460 922
461 230
461 923
461 924
462 230
462 925
462 926
463 231
463 927
463 928
464 231
464 929
464 930
465 232
465 931
465 932
466 232
466 933
466 934
467 233
467 935
467 936
468 233
468 937
468 938
469 234
469 939
469 940
470 234
470 941
470 942
471 235
471 943
471 944
472 235
472 945
472 946
473 236
473 947
473 948
474 236
474 949
474 950
475 237
475 951
475 952
476 237
476 953
476 954
477 238
477 955
477 956
478 238
478 957
478 958
479 239
479 959
479 960
480 239
480 961
480 962
481 240
481 963
481 964
482 240
482 965
482 966
483 241
483 967
483 968
484 241
484 969
484 970
485 242
485 971
485 972
486 242
486 973
486 974
487 243
487 975
487 976
488 243
488 977
488 978
489 244
489 979
489 980
490 244
490 981
490 982
491 245
491 983
491 984
492 245
492 985
492 986
493 246
493 987
493 988
494 246
494 989
494 990
495 247
495 991
495 992
496 247
496 993
496 994
497 248
497 995
497 996
498 248
498 997
498 998
499 249
499 999
499 1000
500 249
500 1001
500 1002
501 250
501 1003
501 1004
502 250
502 1005
502 1006
503 251
503 1007
503 1008
504 251
504 1009
504 1010
505 252
505 1011
505 1012
506 252
506 1013
506 1014
507 253
507 1015
507 1016
508 253
508 1017
508 1018
509 254
509 1019
509 1020
510 254
510 1021
510 1022
511 255
512 255
513 256
514 256
515 257
516 257
517 258
518 258
519 259
520 259
521 260
522 260
523 261
524 261
525 262
526 262
527 263
528 263
529 264
530 264
531 265
532 265
533 266
534 266
535 267
536 267
537 268
538 268
539 269
540 269
541 270
542 270
543 271
544 271
545 272
546 272
547 273
548 273
549 274
550 274
551 275
552 275
553 276
554 276
555 277
556 277
557 278
558 278
559 279
560 279
561 280
562 280
563 281
564 281
565 282
566 282
567 283
568 283
569 284
570 284
571 285
572 285
573 286
574 286
575 287
576 287
577 288
578 288
579 289
580 289
581 290
582 290
583 291
584 291
585 292
586 292
587 293
588 293
589 294
590 294
591 295
592 295
593 296
594 296
595 297
596 297
597 298
598 298
599 299
600 299
601 300
602 300
603 301
604 301
605 302
606 302
607 303
608 303
609 304
610 304
611 305
612 305
613 306
614 306
615 307
616 307
617 308
618 308
619 309
620 309
621 310
622 310
623 311
624 311
625 312
626 312
627 313
628 313
629 314
630 314
631 315
632 315
633 316
634 316
635 317
636 317
637 318
638 318
639 319
640 319
641 320
642 320
643 321
644 321
645 322
646 322
647 323
648 323
649 324
650 324
651 325
652 325
653 326
654 326
655 327
656 327
657 328
658 328
659 329
660 329
661 330
662 330
663 331
664 331
665 332
666 332
667 333
668 333
669 334
670 334
671 335
672 335
673 336
674 336
675 337
676 337
677 338
678 338
679 339
680 339
681 340
682 340
683 341
684 341
685 342
686 342
687 343
688 343
689 344
690 344
691 345
692 345
693 346
694 346
695 347
696 347
697 348
698 348
699 349
700 349
701 350
702 350
703 351
704 351
705 352
706 352
707 353
708 353
709 354
710 354
711 355
712 355
713 356
714 356
715 357
716 357
717 358
718 358
719 359
720 359
721 360
722 360
723 361
724 361
725 362
726 362
727 363
728 363
729 364
730 364
731 365
732 365
733 366
734 366
735 367
736 367
737 368
738 368
739 369
740 369
741 370
742 370
743 371
744 371
745 372
746 372
747 373
748 373
749 374
750 374
751 375
752 375
753 376
754 376
755 377
756 377
757 378
758 378
759 379
760 379
761 380
762 380
763 381
764 381
765 382
766 382
767 383
768 383
769 384
770 384
771 385
772 385
773 386
774 386
775 387
776 387
777 388
778 388
779 389
780 389
781 390
782 390
783 391
784 391
785 392
786 392
787 393
788 393
789 394
790 394
791 395
792 395
793 396
794 396
795 397
796 397
797 398
798 398
799 399
800 399
801 400
802 400
803 401
804 401
805 402
806 402
807 403
808 403
809 404
810 404
811 405
812 405
813 406
814 406
815 407
816 407
817 408
818 408
819 409
820 409
821 410
822 410
823 411
824 411
825 412
826 412
827 413
828 413
829 414
830 414
831 415
832 415
833 416
834 416
835 417
836 417
837 418
838 418
839 419
840 419
841 420
842 420
843 421
844 421
845 422
846 422
847 423
848 423
849 424
850 424
851 425
852 425
853 426
854 426
855 427
856 427
857 428
858 428
859 429
860 429
861 430
862 430
863 431
864 431
865 432
866 432
867 433
868 433
869 434
870 434
871 435
872 435
873 436
874 436
875 437
876 437
877 438
878 438
879 439
880 439
881 440
882 440
883 441
884 441
885 442
886 442
887 443
888 443
889 444
890 444
891 445
892 445
893 446
894 446
895 447
896 447
897 448
898 448
899 449
900 449
901 450
902 450
903 451
904 451
905 452
906 452
907 453
908 453
909 454
910 454
911 455
912 455
913 456
914 456
915 457
916 457
917 458
918 458
919 459
920 459
921 460
922 460
923 461
924 461
925 462
926 462
927 463
928 463
929 464
930 464
931 465
932 465
933 466
934 466
935 467
936 467
937 468
938 468
939 469
940 469
941 470
942 470
943 471
944 471
945 472
946 472
947 473
948 473
949 474
950 474
951 475
952 475
953 476
954 476
955 477
956 477
957 478
958 478
959 479
960 479
961 480
962 480
963 481
964 481
965 482
966 482
967 483
968 483
969 484
970 484
971 485
972 485
973 486
974 486
975 487
976 487
977 488
978 488
979 489
980 489
981 490
982 490
983 491
984 491
985 492
986 492
987 493
988 493
989 494
990 494
991 495
992 495
993 496
994 496
995 497
996 497
997 498
998 498
999 499
1000 499
1001 500
1002 500
1003 501
1004 501
1005 502
1006 502
1007 503
1008 503
1009 504
1010 504
1011 505
1012 505
1013 506
1014 506
1015 507
1016 507
1017 508
1018 508
1019 509
1020 509
1021 510
1022 510
