0 1
0 151
0 383
0 827
1 2
1 151
1 634
2 3
2 4
2 243
2 615
3 152
3 533
3 616
4 5
4 534
4 634
5 6
5 384
5 385
6 7
6 438
6 439
7 8
7 440
7 635
8 9
8 463
9 10
9 442
9 477
10 11
10 443
10 621
10 637
11 12
11 444
12 13
12 445
12 638
13 14
13 15
13 445
13 639
13 703
14 15
14 446
14 640
14 697
15 16
15 693
16 166
16 167
16 172
16 827
17 18
17 407
17 827
18 19
18 53
18 355
18 827
19 20
19 24
19 54
19 827
20 24
20 356
20 408
20 827
21 22
21 508
21 592
21 827
22 23
22 509
22 583
23 24
23 54
23 55
24 464
25 26
25 29
25 55
25 300
25 464
25 737
26 27
26 301
26 356
27 28
27 302
27 303
27 409
28 304
28 510
28 827
29 30
29 306
30 33
30 301
30 307
30 506
30 565
30 754
31 32
31 505
31 563
31 827
32 33
32 506
32 564
33 56
34 35
34 482
34 551
34 827
35 36
35 474
35 475
36 458
36 459
36 714
37 38
37 324
37 325
37 459
37 714
38 39
38 484
38 511
39 484
39 512
39 827
40 283
40 715
40 827
41 42
41 68
41 366
41 718
42 43
42 69
42 426
43 516
43 699
43 827
44 45
44 71
44 517
44 827
45 46
45 72
45 295
46 67
46 467
46 718
47 48
47 50
47 455
48 49
48 352
48 353
49 380
49 406
49 827
50 51
50 382
50 746
51 52
51 354
51 658
52 53
52 355
52 659
53 54
53 660
54 769
55 464
55 509
56 57
56 564
56 565
57 58
57 309
57 562
58 60
58 309
58 310
58 358
58 579
59 60
59 495
59 578
59 827
60 496
60 579
61 62
61 493
61 543
61 827
62 63
62 494
62 589
63 293
63 294
63 719
64 65
64 265
64 266
64 466
64 719
65 66
65 267
65 423
66 268
66 688
66 827
67 68
67 466
67 720
68 69
68 365
69 70
69 425
69 699
70 593
70 699
70 827
71 72
71 545
71 827
72 294
72 594
72 720
73 74
73 296
73 370
73 721
74 75
74 297
74 430
75 298
75 513
75 827
76 77
76 514
76 546
76 827
77 78
77 273
77 595
78 296
78 515
78 601
78 721
79 80
79 82
79 83
79 617
79 760
79 827
80 81
80 82
80 258
80 620
81 723
81 809
81 810
81 827
82 83
82 258
83 133
83 827
84 85
84 605
84 686
84 805
84 806
84 827
85 86
85 606
85 627
86 87
86 395
86 607
87 88
87 393
87 394
88 395
88 608
88 827
89 90
89 296
89 371
89 722
90 91
90 297
90 431
91 92
91 298
91 670
92 701
92 702
92 827
93 94
93 504
93 548
93 595
93 827
94 469
94 470
94 722
95 96
95 98
95 196
96 97
96 197
96 618
97 198
97 619
97 827
98 99
98 373
98 618
99 100
99 374
99 499
100 103
100 375
100 433
100 603
101 102
101 501
101 549
101 827
102 103
102 471
102 472
103 324
103 375
103 433
103 456
103 457
103 775
104 105
104 108
104 216
105 106
105 214
105 351
106 107
106 187
106 215
107 188
107 678
107 827
108 111
108 186
108 351
109 110
109 217
109 250
109 729
109 827
110 111
110 218
110 245
111 186
111 219
111 246
112 113
112 114
112 123
112 133
112 319
112 827
113 114
113 320
113 321
114 115
114 481
115 116
115 123
115 220
115 481
116 117
116 123
117 118
117 220
117 221
117 632
118 119
118 222
118 343
118 745
119 120
119 124
119 224
119 633
120 121
120 206
121 122
121 224
121 225
122 648
122 649
122 827
123 542
123 827
124 125
124 138
124 206
125 126
125 139
125 796
126 127
126 140
126 208
127 128
127 177
127 236
127 706
128 129
128 236
128 237
128 706
129 130
129 234
129 236
129 663
130 131
130 227
130 673
131 132
131 235
131 683
132 213
132 650
132 827
133 134
133 259
133 319
133 586
133 587
133 773
133 774
133 827
134 258
134 259
134 723
135 136
135 498
135 751
135 783
135 807
135 827
136 808
136 827
137 138
137 176
137 827
138 139
138 633
138 827
139 140
139 761
139 827
140 141
140 142
140 827
141 142
141 724
141 827
142 143
142 177
142 724
143 144
143 177
143 672
144 145
144 178
144 705
145 147
145 148
145 179
145 695
146 147
146 149
146 695
146 827
147 148
148 149
148 725
149 150
149 646
149 827
150 151
150 696
150 827
151 615
151 827
152 153
152 241
152 242
152 519
152 528
152 614
153 154
153 520
153 529
154 155
154 521
154 530
155 156
155 531
156 157
156 521
156 758
157 158
157 523
157 524
158 159
158 653
158 676
158 827
159 160
159 527
159 827
160 161
160 390
160 654
160 827
161 162
161 391
161 536
161 537
162 163
162 539
163 164
164 165
164 479
164 539
164 540
164 827
165 166
165 541
165 827
166 703
166 827
167 172
167 827
168 169
168 339
168 711
168 827
169 170
169 340
169 626
170 171
170 341
170 641
171 172
171 342
171 446
171 697
172 173
172 392
172 693
172 744
172 827
173 677
173 827
174 175
174 542
174 632
174 827
175 176
175 343
175 827
176 633
176 827
177 178
178 179
178 706
179 180
179 725
180 181
180 646
180 725
181 182
181 238
181 239
182 183
182 609
182 664
183 184
183 610
183 674
184 185
184 611
184 684
185 612
185 651
185 827
186 187
186 247
187 188
187 248
187 351
188 249
188 827
189 190
189 274
189 372
189 726
190 191
190 275
190 432
191 192
191 276
191 502
192 277
192 503
192 827
193 194
193 278
193 504
193 827
194 279
194 470
194 726
195 196
195 274
195 373
195 456
195 727
196 197
196 275
197 198
197 276
198 277
198 827
199 200
199 278
199 501
199 827
200 279
200 471
200 727
201 202
201 231
201 514
201 827
202 203
202 269
202 273
203 204
203 270
203 369
203 515
204 205
204 271
204 429
205 272
205 700
205 827
206 207
207 208
207 225
207 796
208 209
208 226
209 210
209 234
210 211
210 226
210 227
211 212
211 213
211 226
211 235
212 213
212 649
212 827
213 235
213 827
214 215
214 216
214 350
214 404
215 404
215 678
215 827
216 219
216 453
217 218
217 710
217 827
218 219
218 656
219 453
220 221
220 481
221 222
222 223
222 344
223 224
223 344
223 745
224 648
225 226
225 649
227 234
227 235
228 229
228 367
228 368
228 728
229 230
229 427
229 428
230 600
230 602
230 827
231 232
231 517
231 827
232 233
232 269
232 295
233 270
233 468
233 728
234 236
237 238
237 663
237 798
238 664
238 706
239 240
239 609
239 613
240 241
240 613
240 614
240 665
240 696
241 528
241 614
242 244
242 519
242 525
242 533
242 538
243 244
243 533
243 534
244 526
245 246
245 250
245 729
246 247
246 454
247 248
247 694
248 249
248 352
248 405
249 679
249 827
250 251
250 253
250 454
250 729
250 730
250 827
251 252
251 730
251 827
252 253
252 730
252 827
253 254
253 455
253 657
253 730
253 732
253 827
254 255
254 731
254 732
254 827
255 256
255 731
255 819
255 827
256 257
256 657
256 731
256 827
257 381
257 733
257 734
259 586
260 261
260 291
260 493
260 827
261 262
261 292
261 494
262 263
262 292
262 293
262 310
263 264
263 465
264 265
264 363
264 422
264 750
265 293
265 423
266 267
266 364
267 268
267 424
268 588
268 827
269 270
270 271
270 368
271 272
271 428
272 602
272 827
273 514
273 515
274 275
274 736
275 276
276 277
277 827
278 279
278 827
279 736
280 281
280 333
280 827
281 282
281 743
281 772
281 827
282 283
282 824
282 827
283 827
284 285
284 286
284 316
284 317
284 376
285 485
285 486
285 827
286 287
286 316
286 376
286 787
287 288
287 377
287 776
288 290
288 480
288 554
288 668
289 290
289 554
289 555
289 567
289 827
290 568
291 292
291 495
291 827
292 496
293 494
293 750
294 466
294 589
295 467
295 517
296 297
296 469
297 298
298 701
298 827
299 300
299 305
299 508
299 827
300 306
300 509
301 302
301 410
301 737
302 303
302 410
303 304
303 584
304 584
304 827
305 306
305 505
305 827
306 506
307 308
307 412
308 309
308 412
308 565
309 357
309 413
309 414
309 565
309 765
310 311
310 359
310 361
310 465
310 496
311 312
311 362
311 465
312 313
312 362
312 363
313 420
313 421
313 827
314 315
314 482
314 552
314 827
315 316
315 475
315 662
315 738
316 317
316 325
316 662
316 738
317 318
317 326
318 327
318 485
318 827
319 320
320 739
320 815
321 739
321 813
321 827
322 323
322 550
322 551
322 827
323 324
323 473
323 474
324 457
324 458
324 511
325 326
325 484
325 749
326 327
327 484
327 827
328 329
328 740
328 763
328 827
329 330
329 741
329 784
329 827
330 331
330 741
330 782
330 827
331 332
331 577
331 827
332 333
332 577
332 742
332 827
333 742
333 825
333 827
334 335
334 336
334 338
334 345
334 397
334 642
334 827
335 628
335 642
335 827
336 337
336 338
336 396
336 686
336 800
336 827
337 395
337 627
338 827
339 340
339 605
339 827
340 341
340 606
341 342
341 607
342 393
342 744
343 632
343 633
344 648
344 827
345 346
345 447
345 642
345 797
346 347
346 399
346 801
347 348
347 400
347 449
348 349
348 401
348 450
349 350
349 402
349 450
350 403
350 799
352 406
352 455
352 694
353 354
353 380
353 746
354 355
355 380
355 407
355 827
356 409
356 755
357 358
357 414
358 359
358 416
359 360
359 417
360 361
360 418
361 362
361 419
362 420
363 421
363 465
364 365
364 424
364 466
365 425
365 777
366 367
366 467
366 757
367 427
367 468
368 428
369 370
369 429
370 430
370 756
371 372
371 431
372 432
372 753
373 374
374 375
374 752
376 377
376 486
377 378
377 480
377 487
378 379
378 480
379 487
379 488
379 793
379 794
379 827
380 792
380 827
381 382
381 817
381 827
382 657
382 658
383 384
383 437
383 634
383 827
384 438
384 634
385 386
385 439
385 534
386 387
386 439
386 526
387 388
387 526
387 713
388 389
388 526
388 666
389 390
389 527
390 391
390 666
391 667
392 393
392 677
393 607
393 608
394 395
395 396
395 627
395 827
396 827
397 398
397 797
397 827
398 399
398 827
399 400
399 827
400 401
400 827
401 402
401 827
402 403
402 827
403 404
403 827
404 827
405 406
405 679
406 680
406 827
407 827
408 409
408 681
408 827
409 510
410 411
410 507
410 584
411 412
411 507
411 754
412 413
412 507
412 566
412 827
413 414
413 566
414 415
414 566
414 827
415 416
415 827
416 417
416 827
417 418
417 827
418 419
418 827
419 420
419 827
420 827
421 422
421 687
421 827
422 423
422 492
423 688
424 425
424 588
425 593
426 427
426 516
426 757
427 600
428 602
429 430
429 700
430 513
431 432
431 670
432 502
433 434
433 590
434 435
434 671
435 436
435 511
435 671
436 512
436 698
436 827
437 438
437 691
437 827
438 635
439 440
439 826
440 441
440 692
441 442
441 535
442 443
442 478
443 444
443 540
444 445
444 541
445 703
446 693
446 697
447 448
447 643
448 449
448 644
448 801
449 450
449 631
450 451
450 631
451 452
451 655
451 799
452 453
452 461
453 656
454 455
454 694
456 471
456 752
457 473
458 474
459 483
460 461
460 707
460 708
460 710
460 827
461 655
461 656
462 463
462 476
462 691
462 827
463 477
463 635
464 755
466 777
467 468
469 601
470 504
470 753
471 501
472 473
472 549
472 775
473 550
474 551
475 482
475 483
476 477
476 689
476 827
477 621
478 479
478 535
478 540
479 536
481 748
482 827
483 662
483 749
484 827
485 827
486 487
486 827
487 827
488 489
488 668
488 827
489 490
489 569
489 827
490 491
490 570
490 827
491 571
491 572
491 811
491 827
492 687
492 688
492 827
493 494
493 827
495 496
495 827
497 498
497 617
497 781
497 827
498 620
498 751
499 500
499 603
499 618
500 604
500 619
500 827
501 827
502 503
502 670
503 702
503 827
504 827
505 506
505 827
507 584
507 827
508 509
508 827
510 681
510 827
511 512
512 827
513 700
513 827
514 827
515 756
516 600
516 827
517 827
518 524
518 532
518 758
518 827
519 520
519 759
520 521
520 522
521 523
522 523
522 538
522 759
523 676
524 653
524 827
525 526
525 538
526 527
526 534
527 538
527 676
528 529
528 665
529 530
529 647
530 531
530 675
531 532
531 685
532 652
532 827
535 536
535 692
536 667
537 539
537 654
537 827
538 676
539 827
540 541
542 827
543 544
543 827
544 545
544 589
544 827
545 594
545 827
546 547
546 827
547 548
547 595
547 827
548 827
549 550
549 827
550 791
550 827
551 827
552 553
552 787
552 827
553 554
553 776
553 827
554 827
555 556
555 567
555 827
556 557
556 596
556 827
557 558
557 581
557 827
558 559
558 597
558 764
558 827
559 560
559 573
559 764
560 597
560 598
560 763
561 562
561 563
561 578
561 827
562 564
562 579
563 564
563 827
565 765
566 827
567 568
567 596
568 569
568 580
568 668
569 570
569 668
570 571
570 786
571 572
571 580
572 645
572 827
573 574
573 598
573 827
574 575
574 598
574 599
574 827
575 576
575 599
575 766
575 827
576 577
576 585
576 766
577 599
578 579
578 827
580 581
580 596
580 786
581 596
581 597
582 583
582 592
582 682
582 827
583 661
583 769
584 827
585 771
585 772
585 825
585 827
586 773
587 774
587 816
587 827
588 593
588 827
589 594
590 591
590 603
590 671
591 604
591 698
591 827
592 827
593 827
595 601
597 785
598 599
598 784
599 782
600 827
602 827
603 604
604 827
605 606
605 778
605 779
606 607
608 677
608 827
609 610
609 647
609 665
610 611
610 675
611 612
611 685
612 652
612 827
613 646
614 616
615 616
616 696
617 620
617 827
618 619
619 827
620 783
621 622
621 689
622 623
622 637
622 709
623 624
623 636
623 638
624 625
624 639
624 690
625 626
625 640
625 704
626 641
626 711
627 686
628 629
628 643
628 818
628 827
629 630
629 644
629 827
630 631
630 708
630 712
630 827
631 644
631 655
635 691
636 690
636 709
636 827
637 638
638 639
639 640
640 641
641 697
642 643
643 644
645 785
645 812
645 827
646 696
647 665
647 675
649 827
650 651
650 683
650 827
651 684
651 827
652 685
652 827
653 827
654 827
655 708
656 710
658 659
658 827
659 660
659 669
660 661
660 682
660 790
660 827
661 682
663 664
663 673
664 674
666 667
666 713
667 692
669 788
669 789
669 790
669 827
670 702
671 698
672 705
672 820
672 827
673 674
673 683
674 684
675 685
677 827
678 827
679 680
679 827
680 827
681 827
682 827
683 684
686 827
687 827
688 827
689 709
689 827
690 704
690 827
691 827
692 713
695 705
695 827
698 827
699 827
700 827
701 827
702 827
704 711
704 827
705 827
706 798
707 708
707 712
707 827
709 827
710 827
711 821
711 827
712 827
713 826
715 717
716 717
716 827
724 827
731 732
733 734
733 827
734 735
735 827
740 827
741 827
742 827
743 827
747 748
747 827
760 827
761 827
762 764
762 827
766 768
767 768
767 827
770 771
770 827
771 772
773 774
778 779
778 827
779 780
780 827
781 827
788 827
789 790
789 827
791 827
792 827
793 794
793 827
794 795
795 827
800 827
802 803
802 827
803 804
804 827
805 827
806 827
807 827
808 827
809 827
810 827
811 827
812 827
813 827
814 815
814 827
816 827
817 827
818 827
819 827
820 827
821 827
822 823
822 827
823 824
