0 1
0 629
0 729
0 845
0 889
1 0
1 2
1 629
1 708
2 1
2 3
2 630
2 707
3 2
3 4
3 71
3 707
4 3
4 70
4 71
4 979
5 6
5 730
5 967
5 979
6 5
6 402
6 730
6 889
7 8
7 13
7 741
7 764
8 7
8 9
8 737
8 738
8 739
9 8
9 10
9 835
9 836
10 9
10 11
10 647
10 648
11 10
11 12
11 670
11 671
12 11
12 47
12 603
12 979
13 7
13 14
13 684
13 740
13 741
14 13
14 15
14 685
15 14
15 16
15 396
15 397
16 15
16 17
16 650
16 651
17 16
17 18
17 89
17 90
18 17
18 19
18 76
18 77
19 18
19 765
19 843
19 891
20 21
20 462
20 869
20 979
21 20
21 22
21 463
21 678
21 841
22 21
22 23
22 734
22 735
23 22
23 24
23 833
23 871
24 23
24 25
24 348
25 24
25 26
25 642
25 833
26 25
26 27
26 349
26 643
26 736
27 26
27 28
27 349
27 486
27 643
28 27
28 29
28 487
28 665
29 28
29 488
29 599
29 979
30 31
30 391
30 750
30 979
31 30
31 32
31 276
31 393
31 522
31 523
32 31
32 33
32 619
32 750
33 32
33 34
33 523
33 527
33 732
33 979
34 33
34 468
34 527
34 732
34 979
35 36
35 333
35 425
35 919
35 979
36 35
36 37
36 334
36 423
36 949
37 36
37 38
37 334
37 529
37 532
37 534
37 979
38 37
38 39
38 334
38 979
39 38
39 40
39 689
39 979
40 39
40 41
40 338
40 339
40 427
40 979
41 40
41 42
41 979
42 41
42 43
42 339
42 690
42 935
43 42
43 44
43 457
43 979
44 43
44 45
44 409
44 979
45 44
45 46
45 588
45 691
45 979
46 45
46 589
46 979
47 12
47 48
47 671
47 892
47 979
48 47
48 49
48 672
48 979
49 48
49 50
49 673
49 979
50 49
50 51
50 401
50 979
51 50
51 52
51 674
51 979
52 51
52 53
52 675
52 979
53 52
53 54
53 844
53 979
54 53
54 55
54 766
54 979
55 54
55 56
55 93
55 979
56 55
56 57
56 86
56 979
57 56
57 58
57 832
57 979
58 57
58 59
58 657
58 979
59 58
59 60
59 979
60 59
60 61
60 155
60 700
60 979
61 60
61 62
61 155
61 979
62 61
62 63
62 156
62 979
63 62
63 64
63 157
63 979
64 63
64 65
64 158
64 979
65 64
65 66
65 701
65 979
66 65
66 67
66 702
66 979
67 66
67 68
67 703
67 979
68 67
68 69
68 758
68 979
69 68
69 70
69 826
69 979
70 4
70 69
70 707
70 979
71 3
71 4
71 72
71 630
71 979
72 71
72 73
72 405
72 979
73 72
73 74
73 839
73 979
74 73
74 75
74 834
74 979
75 74
75 850
75 979
76 18
76 89
76 843
76 979
77 18
77 78
77 90
77 765
78 77
78 79
78 91
78 714
79 78
79 80
79 81
79 92
79 696
80 79
80 81
80 675
81 79
81 80
81 82
81 714
81 844
82 81
82 83
82 715
82 766
83 82
83 84
83 716
84 83
84 85
84 93
84 238
84 697
84 838
85 84
85 86
85 697
85 831
86 56
86 85
86 93
86 832
87 88
87 367
87 512
87 894
87 910
88 87
88 97
88 98
88 979
89 17
89 76
89 650
89 979
90 17
90 77
90 91
90 651
91 78
91 90
91 92
91 837
92 79
92 91
92 837
93 55
93 84
93 86
93 766
94 95
94 511
94 895
94 979
95 94
95 96
95 359
95 979
96 95
96 97
96 116
96 979
97 88
97 96
97 512
97 979
98 88
98 99
98 367
98 979
99 98
99 100
99 513
99 979
100 99
100 101
100 503
100 979
101 100
101 102
101 504
101 979
102 101
102 103
102 154
102 979
103 102
103 104
103 505
103 979
104 103
104 105
104 506
104 979
105 104
105 106
105 507
105 979
106 105
106 107
106 508
106 979
107 106
107 108
107 508
107 979
108 107
108 109
108 973
108 979
109 108
109 110
109 378
109 973
109 979
110 109
110 111
110 206
110 979
111 110
111 112
111 577
111 979
112 111
112 113
112 583
112 979
113 112
113 114
113 395
113 979
114 113
114 115
114 209
114 979
115 114
115 174
115 868
115 896
115 979
116 96
116 359
116 512
116 899
117 118
117 122
117 164
117 475
117 807
118 117
118 119
118 165
118 476
119 118
119 120
119 166
119 477
120 119
120 121
120 167
120 362
121 120
121 168
121 478
121 979
122 117
122 126
122 251
122 476
122 923
123 124
123 250
123 257
123 979
124 123
124 125
124 474
124 884
125 124
125 126
125 282
125 283
126 122
126 125
126 251
126 326
126 475
127 128
127 297
127 298
127 979
128 127
128 129
128 790
128 811
129 128
129 130
129 445
129 446
130 129
130 131
130 791
130 792
131 130
131 132
131 381
131 382
132 131
132 133
132 213
132 383
132 784
133 132
133 134
133 323
134 133
134 135
134 213
134 323
134 384
135 134
135 324
135 384
135 385
135 979
136 137
136 140
136 322
137 136
137 138
137 140
137 322
138 137
138 139
138 604
138 745
139 138
139 605
139 746
139 979
140 136
140 137
140 144
140 232
140 233
140 779
141 142
141 177
141 268
141 742
141 979
142 141
142 143
142 411
142 743
143 142
143 144
143 412
143 744
143 762
144 140
144 143
144 613
144 614
145 146
145 394
145 900
145 979
146 145
146 147
146 634
146 901
146 979
147 146
147 148
147 418
147 901
147 979
148 147
148 149
148 502
148 635
148 902
148 979
149 148
149 150
149 430
149 902
149 979
150 149
150 151
150 430
150 979
151 150
151 152
151 430
151 431
152 151
152 153
152 636
152 637
153 152
153 154
153 373
153 374
154 102
154 153
154 504
154 505
155 60
155 61
155 156
155 659
155 700
156 62
156 155
156 157
156 661
157 63
157 156
157 158
157 721
158 64
158 157
158 159
158 701
158 722
159 158
159 722
159 723
159 773
159 947
159 968
159 979
160 161
160 248
160 249
160 307
160 907
160 979
161 160
161 162
161 853
161 883
162 161
162 163
162 280
162 281
162 796
163 162
163 164
163 796
163 807
164 117
164 163
164 165
164 797
165 118
165 164
165 166
165 798
166 119
166 165
166 167
166 361
167 120
167 166
167 168
167 361
168 121
168 167
168 799
168 979
169 170
169 295
169 906
169 979
170 169
170 171
170 810
170 858
171 170
171 172
171 441
171 442
172 171
172 173
172 209
172 379
173 172
173 174
174 115
174 173
174 209
174 859
175 176
175 192
175 591
175 903
176 175
176 193
176 592
176 979
177 141
177 178
177 267
177 979
178 177
178 179
178 547
178 742
179 178
179 180
179 499
179 743
180 179
180 181
180 231
180 321
180 500
180 613
180 744
181 180
181 182
181 232
182 181
182 321
182 322
182 591
182 903
183 184
183 265
183 266
183 979
184 183
184 185
184 498
184 514
185 184
185 186
185 499
185 515
186 185
186 187
186 500
186 516
187 186
187 188
187 229
187 230
187 761
188 187
188 189
188 229
188 230
189 188
189 190
189 320
189 611
189 778
190 189
190 191
190 230
190 455
190 501
191 190
191 192
191 321
191 501
192 175
192 191
192 193
192 455
193 176
193 192
193 456
193 979
194 195
194 277
194 304
194 979
195 194
195 196
195 245
195 246
196 195
196 197
196 278
196 279
197 196
197 198
197 360
197 795
198 197
198 199
198 360
198 520
198 786
198 787
198 795
199 198
199 200
199 821
199 822
200 199
200 201
200 361
201 200
201 202
201 799
201 822
202 201
202 799
202 823
202 979
203 204
203 541
203 580
203 979
204 203
204 205
204 542
204 867
205 204
205 206
205 437
205 438
206 110
206 205
206 207
206 378
206 577
207 206
207 208
207 439
207 961
208 207
208 209
208 440
208 583
209 114
209 172
209 174
209 208
209 395
209 441
210 211
210 300
210 301
210 979
211 210
211 212
211 242
211 812
212 211
212 213
212 448
212 449
213 132
213 134
213 212
213 214
213 383
214 213
214 215
214 384
214 449
214 543
215 214
215 216
215 543
215 794
215 819
216 215
216 217
216 384
216 785
217 216
217 385
217 820
217 979
218 219
218 260
218 904
218 979
219 218
219 220
219 259
219 854
219 904
220 219
220 221
220 259
220 813
221 220
221 222
221 259
221 283
221 284
221 308
221 808
221 885
222 221
222 223
222 294
222 809
222 813
223 222
223 224
223 452
223 546
224 223
224 225
224 453
224 777
225 224
225 226
225 229
225 319
225 454
226 225
226 227
226 229
226 319
226 320
226 778
227 226
227 228
227 517
227 578
228 227
228 518
228 579
228 979
229 187
229 188
229 225
229 226
229 453
229 454
229 516
229 778
230 187
230 188
230 190
230 231
230 761
231 180
231 230
231 500
231 501
232 140
232 181
232 322
232 613
233 140
233 234
233 614
233 779
234 233
234 237
234 413
234 917
235 236
235 269
235 747
235 979
236 235
236 237
236 816
236 817
237 234
237 236
237 413
237 615
237 763
238 84
238 239
238 716
239 238
239 241
239 717
239 838
239 954
240 241
240 830
240 951
240 979
241 239
241 240
241 768
241 769
242 211
242 243
242 301
242 449
243 242
243 244
243 302
243 450
244 243
244 245
244 303
244 451
245 195
245 244
245 277
245 278
246 195
246 247
246 279
246 304
247 246
247 248
247 305
247 519
248 160
248 247
248 306
248 883
249 160
249 250
249 853
249 960
250 123
250 249
250 474
250 960
250 979
251 122
251 126
251 252
251 327
252 251
252 253
252 328
252 476
253 252
253 254
253 329
253 477
254 253
254 255
254 330
254 362
255 254
255 256
255 331
255 478
256 255
256 332
256 921
256 979
257 123
257 258
257 884
257 979
258 257
258 259
258 885
258 979
259 219
259 220
259 221
259 258
259 979
260 218
260 261
260 854
260 979
261 260
261 262
261 292
261 979
262 261
262 263
262 544
262 979
263 262
263 264
263 855
263 979
264 263
264 265
264 514
264 856
264 979
265 183
265 264
265 514
265 979
266 183
266 267
266 498
266 979
267 177
267 266
267 547
267 979
268 141
268 269
268 411
268 979
269 235
269 268
269 816
269 905
269 979
270 271
270 386
270 538
270 979
271 270
271 272
271 387
271 538
272 271
272 273
272 388
272 539
273 272
273 274
273 389
273 539
273 540
274 273
274 275
274 617
274 847
275 274
275 276
275 392
275 610
275 618
275 847
276 31
276 275
276 391
276 392
276 618
277 194
277 245
277 303
277 979
278 196
278 245
278 451
278 795
279 196
279 246
279 280
279 360
279 519
280 162
280 279
280 360
280 796
280 883
280 888
281 162
281 282
281 807
281 853
282 125
282 281
282 474
282 475
283 125
283 221
283 284
283 326
283 884
284 221
284 283
284 285
284 308
285 284
285 286
285 308
285 326
286 285
286 287
286 309
286 327
287 286
287 288
287 310
287 328
288 287
288 289
288 311
288 329
289 288
289 290
289 312
289 330
290 289
290 291
290 313
290 331
291 290
291 314
291 332
291 979
292 261
292 293
292 544
292 854
293 292
293 294
293 545
293 813
294 222
294 293
294 452
295 169
295 296
295 782
295 810
295 979
296 295
296 297
296 782
296 979
297 127
297 296
297 790
297 979
298 127
298 299
298 811
298 979
299 298
299 300
299 806
299 979
300 210
300 299
300 812
300 979
301 210
301 242
301 302
301 979
302 243
302 301
302 303
302 979
303 244
303 277
303 302
303 979
304 194
304 246
304 305
304 979
305 247
305 304
305 306
305 979
306 248
306 305
306 307
306 979
307 160
307 306
307 907
307 979
308 221
308 284
308 285
308 309
308 808
309 286
309 308
309 310
309 881
310 287
310 309
310 311
310 877
311 288
311 310
311 312
311 873
312 289
312 311
312 313
312 363
312 887
313 290
313 312
313 314
313 800
314 291
314 313
314 473
314 979
315 316
315 318
315 546
315 775
316 315
316 317
316 364
316 365
317 316
317 366
317 776
317 979
318 315
318 319
318 365
318 546
319 225
319 226
319 318
319 578
319 777
320 189
320 226
320 517
321 180
321 182
321 191
321 501
322 136
322 137
322 182
322 232
322 745
323 133
323 134
323 324
323 784
324 135
324 323
324 325
324 860
325 324
325 880
325 974
325 979
326 126
326 283
326 285
326 327
327 251
327 286
327 326
327 328
328 252
328 287
328 327
328 329
329 253
329 288
329 328
329 330
330 254
330 289
330 329
330 331
331 255
331 290
331 330
331 332
332 256
332 291
332 331
332 979
333 35
333 334
333 919
333 979
334 36
334 37
334 38
334 333
334 335
334 426
334 689
334 950
334 979
335 334
335 336
335 426
335 950
336 335
336 337
336 338
337 336
337 338
337 426
337 427
337 535
337 979
338 40
338 336
338 337
338 689
339 40
339 42
339 340
339 594
340 339
340 341
340 621
340 690
341 340
341 342
341 458
341 918
342 341
342 343
342 410
342 916
343 342
343 344
343 585
343 586
344 343
344 345
344 586
344 849
345 344
345 346
345 571
345 572
346 345
346 347
346 459
346 640
346 756
347 346
347 348
347 464
348 24
348 347
348 640
348 871
349 26
349 27
349 350
349 485
349 486
350 349
350 351
350 644
350 713
351 350
351 352
351 554
351 644
351 938
352 351
352 353
352 555
352 644
353 352
353 354
353 556
353 667
354 353
354 557
354 600
354 979
355 356
355 479
355 480
355 908
355 978
356 355
356 357
356 979
357 356
357 358
357 862
357 926
357 944
357 979
358 357
358 359
358 472
358 979
359 95
359 116
359 358
359 511
360 197
360 198
360 279
360 280
360 821
361 166
361 167
361 200
361 798
361 799
362 120
362 254
362 477
362 478
363 312
363 364
363 873
363 878
364 316
364 363
364 775
364 776
364 879
365 316
365 318
365 366
365 578
366 317
366 365
366 579
366 979
367 87
367 98
367 368
367 513
367 633
368 367
368 369
368 394
369 368
369 370
369 634
369 874
370 369
370 371
370 418
371 370
371 372
371 502
371 503
371 874
372 371
372 373
372 503
372 635
373 153
373 372
373 504
373 636
374 153
374 375
374 505
374 637
375 374
375 376
375 432
375 506
375 934
376 375
376 377
376 434
376 507
376 931
377 376
377 378
377 510
377 973
378 109
378 206
378 377
378 510
379 172
379 380
379 442
380 379
380 381
380 443
380 783
381 131
381 380
381 783
381 791
382 131
382 383
382 792
383 132
383 213
383 382
383 448
383 793
384 134
384 135
384 214
384 216
384 385
385 135
385 217
385 384
385 979
386 270
386 387
386 748
386 979
387 271
387 386
387 388
387 818
388 272
388 387
388 616
388 911
389 273
389 390
389 781
389 911
390 389
390 537
390 540
390 609
390 848
390 972
390 979
391 30
391 276
391 733
391 979
392 275
392 276
392 393
392 522
393 31
393 392
393 523
393 610
393 912
394 145
394 368
394 633
394 634
395 113
395 209
395 583
396 15
396 650
396 740
396 979
397 15
397 398
397 651
397 685
398 397
398 399
398 651
398 686
399 398
399 400
399 652
399 687
400 399
400 401
400 649
400 653
401 50
401 400
401 673
401 674
402 6
402 403
402 406
403 402
403 404
403 407
403 629
404 403
404 405
404 629
404 709
405 72
405 404
405 630
405 839
406 402
406 407
406 979
407 403
407 406
407 408
407 631
407 709
407 834
407 850
407 979
408 407
408 915
408 979
409 44
409 457
409 586
409 691
409 916
410 342
410 458
410 622
410 676
410 979
411 142
411 268
411 412
411 816
412 143
412 411
412 413
412 762
412 763
413 234
413 237
413 412
413 614
414 415
414 779
414 780
414 917
415 414
415 416
415 872
415 882
416 415
416 417
416 607
416 608
417 416
417 536
417 804
417 979
418 147
418 370
418 502
418 634
419 420
419 422
419 467
419 620
420 419
420 421
420 468
420 688
421 420
421 468
421 528
421 979
422 419
422 423
422 470
422 620
422 688
423 36
423 422
423 424
423 471
423 529
423 688
423 948
424 423
424 425
425 35
425 424
425 471
425 949
425 979
426 334
426 335
426 337
426 920
426 979
427 40
427 337
427 429
427 535
428 429
428 535
428 593
428 979
429 427
429 428
429 594
430 149
430 150
430 151
430 971
431 151
431 432
431 637
431 866
432 375
432 431
432 433
432 569
433 432
433 434
433 590
433 934
434 376
434 433
434 435
434 526
435 434
435 436
435 509
435 510
436 435
436 437
436 510
436 576
437 205
437 436
437 867
438 205
438 439
438 542
439 207
439 438
439 440
439 857
440 208
440 439
440 441
440 582
441 171
441 209
441 440
441 858
442 171
442 379
442 443
442 810
443 380
443 442
443 444
443 782
444 443
444 445
444 790
444 791
445 129
445 444
445 790
445 791
446 129
446 447
446 792
446 811
447 446
447 448
447 793
447 806
448 212
448 383
448 447
448 806
448 812
449 212
449 214
449 242
449 450
449 543
450 243
450 449
450 451
451 244
451 278
451 450
451 794
452 223
452 294
452 453
452 545
453 224
453 229
453 452
453 454
453 814
453 886
454 225
454 229
454 453
455 190
455 192
455 456
455 611
456 193
456 455
456 612
456 979
457 43
457 409
457 690
457 918
458 341
458 410
458 621
458 754
458 964
458 979
459 346
459 460
459 572
459 638
460 459
460 461
460 573
460 639
461 460
461 574
461 595
461 979
462 20
462 463
462 755
462 979
463 21
463 462
463 464
463 677
463 734
464 347
464 463
464 756
464 871
465 466
465 469
465 731
466 465
466 467
466 619
466 620
467 419
467 466
467 468
467 732
468 34
468 420
468 421
468 467
468 979
469 465
469 470
469 620
469 979
470 422
470 469
470 471
470 979
471 423
471 425
471 470
471 979
472 358
472 511
472 862
472 979
473 314
473 800
473 922
473 979
474 124
474 250
474 282
474 853
475 117
475 126
475 282
475 807
475 923
476 118
476 122
476 252
476 477
477 119
477 253
477 362
477 476
478 121
478 255
478 362
478 979
479 355
479 480
479 979
480 355
480 479
480 924
480 979
481 482
481 711
481 869
481 979
482 481
482 483
482 712
482 841
483 482
483 484
483 679
483 680
484 483
484 485
484 489
484 735
485 349
485 484
485 489
485 713
485 736
486 27
486 349
486 487
486 644
487 28
487 486
487 488
487 666
488 29
488 487
488 600
488 666
488 979
489 484
489 485
489 490
489 680
489 713
490 489
490 491
490 551
490 552
491 490
491 492
491 553
491 628
492 491
492 497
492 561
492 562
493 494
493 558
493 693
493 979
494 493
494 495
494 559
494 682
495 494
495 496
495 560
495 682
496 495
496 497
496 561
496 694
497 492
497 496
497 563
497 695
498 184
498 266
498 547
498 925
499 179
499 185
499 500
499 547
499 925
500 180
500 186
500 231
500 499
500 761
501 190
501 191
501 231
501 321
502 148
502 371
502 418
502 635
503 100
503 371
503 372
503 504
504 101
504 154
504 373
504 503
505 103
505 154
505 374
505 506
506 104
506 375
506 505
506 507
507 105
507 376
507 506
507 508
508 106
508 107
508 507
508 931
509 435
509 526
509 576
509 979
510 377
510 378
510 435
510 436
511 94
511 359
511 472
512 87
512 97
512 116
512 953
513 99
513 367
513 874
514 184
514 264
514 265
514 515
514 856
515 185
515 514
515 516
515 815
516 186
516 229
516 515
516 886
517 227
517 320
517 518
517 611
518 228
518 517
518 612
518 979
519 247
519 279
519 883
520 198
520 521
520 788
520 822
521 520
521 789
521 823
521 979
522 31
522 392
523 31
523 33
523 393
523 932
523 979
524 525
524 569
524 929
524 979
525 524
525 526
525 590
525 930
525 979
526 434
526 509
526 525
526 590
526 930
526 979
527 33
527 34
527 979
528 421
528 529
528 688
528 979
529 37
529 423
529 528
529 530
529 688
529 710
529 979
530 529
530 531
530 710
530 979
531 530
531 532
531 979
532 37
532 531
532 533
532 710
532 979
533 532
533 534
533 979
534 37
534 533
534 979
535 337
535 427
535 428
535 979
536 417
536 537
536 608
536 875
536 979
537 390
537 536
537 848
537 979
538 270
538 271
538 539
538 749
538 979
539 272
539 273
539 538
539 617
540 273
540 390
540 847
541 203
541 542
541 581
541 979
542 204
542 438
542 541
542 857
543 214
543 215
543 449
543 794
544 262
544 292
544 545
544 855
545 293
545 452
545 544
545 814
546 223
546 315
546 318
546 774
546 777
546 809
547 178
547 267
547 498
547 499
548 549
548 625
548 870
548 979
549 548
549 550
549 626
549 842
550 549
550 551
550 627
550 681
551 490
551 550
551 628
551 680
552 490
552 553
552 713
553 491
553 552
553 554
553 562
553 938
554 351
554 553
554 555
554 563
555 352
555 554
555 556
555 645
555 692
556 353
556 555
556 557
556 668
557 354
557 556
557 601
557 979
558 493
558 559
558 625
558 979
559 494
559 558
559 560
559 626
560 495
560 559
560 561
560 627
561 492
561 496
561 560
561 628
562 492
562 553
562 563
563 497
563 554
563 562
563 564
563 645
564 563
564 565
564 646
564 695
565 564
565 566
565 646
565 669
565 737
565 835
566 565
566 567
566 647
567 566
567 568
567 669
567 670
568 567
568 602
568 603
568 979
569 432
569 524
569 590
569 866
570 571
570 623
570 624
570 677
570 755
570 979
571 345
571 570
571 756
571 849
572 345
572 459
572 573
572 587
573 460
573 572
573 574
573 588
574 461
574 573
574 589
574 979
575 576
575 580
575 933
575 979
576 436
576 509
576 575
576 867
577 111
577 206
577 583
578 227
578 319
578 365
578 579
579 228
579 366
579 578
579 979
580 203
580 575
580 867
580 979
581 541
581 582
581 857
581 979
582 440
582 581
582 857
582 858
583 112
583 208
583 395
583 577
583 961
584 585
584 622
584 623
584 979
585 343
585 584
585 622
585 849
586 343
586 344
586 409
586 587
587 572
587 586
587 588
587 691
588 45
588 573
588 587
588 589
589 46
589 574
589 588
589 979
590 433
590 525
590 526
590 569
591 175
591 182
591 592
591 745
592 176
592 591
592 746
592 979
593 428
593 594
593 753
593 979
594 339
594 429
594 593
594 621
595 461
595 596
595 639
595 979
596 595
596 597
596 662
596 979
597 596
597 598
597 663
597 979
598 597
598 599
598 664
598 979
599 29
599 598
599 665
599 979
600 354
600 488
600 667
600 979
601 557
601 602
601 668
601 979
602 568
602 601
602 669
602 979
603 12
603 568
603 670
603 979
604 138
604 605
604 606
605 139
605 604
605 803
605 979
606 604
606 607
606 779
606 803
607 416
607 606
607 804
607 882
608 416
608 536
608 872
609 390
609 610
609 805
609 847
609 979
610 275
610 393
610 609
610 805
610 979
611 189
611 455
611 517
611 612
612 456
612 518
612 611
612 979
613 144
613 180
613 232
613 744
614 144
614 233
614 413
614 762
615 237
615 616
615 780
615 781
615 817
616 388
616 615
616 781
616 818
617 274
617 539
617 618
617 749
618 275
618 276
618 617
618 733
619 32
619 466
619 731
619 732
619 752
620 419
620 422
620 466
620 469
621 340
621 458
621 594
621 753
622 410
622 584
622 585
622 676
622 979
623 570
623 584
623 624
623 849
623 979
624 570
624 623
624 979
625 548
625 558
625 626
625 979
626 549
626 559
626 625
626 627
627 550
627 560
627 626
627 628
628 491
628 551
628 561
628 627
629 0
629 1
629 403
629 404
629 630
630 2
630 71
630 405
630 629
631 407
631 632
631 850
631 851
632 631
632 850
632 851
632 940
633 367
633 394
633 942
633 979
634 146
634 369
634 394
634 418
635 148
635 372
635 502
635 636
636 152
636 373
636 635
636 971
637 152
637 374
637 431
638 459
638 639
638 640
639 460
639 595
639 638
639 662
640 346
640 348
640 638
640 641
640 662
641 640
641 642
641 663
642 25
642 641
642 643
642 664
643 26
643 27
643 642
643 665
644 350
644 351
644 352
644 486
644 666
644 667
645 555
645 563
645 646
645 692
646 564
646 565
646 645
646 692
647 10
647 566
647 670
647 835
648 10
648 649
648 671
648 672
648 836
649 400
649 648
649 673
649 687
650 16
650 89
650 396
650 979
651 16
651 90
651 397
651 398
651 652
652 399
652 651
652 653
652 837
653 400
653 652
653 696
654 655
654 658
654 718
655 654
655 656
655 698
655 699
656 655
656 657
656 831
656 865
657 58
657 656
657 832
657 865
658 654
658 659
658 699
658 718
659 155
659 658
659 661
659 700
659 719
660 661
660 720
660 771
660 772
660 979
661 156
661 659
661 660
661 719
661 720
661 721
662 596
662 639
662 640
662 663
663 597
663 641
663 662
663 664
664 598
664 642
664 663
664 665
665 28
665 599
665 643
665 664
666 487
666 488
666 644
666 667
667 353
667 600
667 644
667 666
668 556
668 601
668 669
668 692
669 565
669 567
669 602
669 668
670 11
670 567
670 603
670 647
671 11
671 47
671 648
671 672
672 48
672 648
672 671
672 673
673 49
673 401
673 649
673 672
674 51
674 401
674 675
674 696
675 52
675 80
675 674
675 844
676 410
676 622
676 979
677 463
677 570
677 755
677 756
678 21
678 679
678 735
679 483
679 678
679 841
680 483
680 489
680 551
680 681
680 712
681 550
681 680
681 842
682 494
682 495
682 683
682 693
682 694
683 682
683 684
683 840
683 852
684 13
684 683
684 764
684 824
684 840
685 14
685 397
685 686
685 741
686 398
686 685
686 687
686 739
687 399
687 649
687 686
687 836
688 420
688 422
688 423
688 528
688 529
688 948
689 39
689 334
689 338
689 950
690 42
690 340
690 457
691 45
691 409
691 587
692 555
692 645
692 646
692 668
693 493
693 682
693 852
693 979
694 496
694 682
694 695
694 764
695 497
695 564
695 694
695 737
696 79
696 653
696 674
696 837
697 84
697 85
697 698
697 955
698 655
698 697
698 718
698 831
699 655
699 658
699 700
699 865
700 60
700 155
700 659
700 699
700 865
701 65
701 158
701 702
701 968
702 66
702 701
702 703
702 723
703 67
703 702
703 704
703 758
703 864
704 703
704 705
704 757
704 758
705 704
705 706
705 825
705 826
706 705
706 707
706 827
707 2
707 3
707 70
707 706
707 708
707 826
707 828
708 1
708 707
708 845
709 404
709 407
709 839
710 529
710 530
710 532
711 481
711 712
711 870
711 979
712 482
712 680
712 711
712 842
713 350
713 485
713 489
713 552
714 78
714 81
714 715
714 765
715 82
715 714
715 716
715 765
715 767
716 83
716 238
716 715
716 767
717 239
717 718
717 769
717 838
718 654
718 658
718 698
718 717
718 719
718 770
719 659
719 661
719 718
719 771
720 660
720 661
720 721
720 772
721 157
721 661
721 720
721 722
721 773
722 158
722 159
722 721
723 159
723 702
723 724
723 760
723 863
723 864
723 979
724 723
724 725
724 863
725 724
725 726
725 876
726 725
726 727
726 759
726 760
727 726
727 728
727 827
727 861
728 727
728 729
728 828
728 829
729 0
729 728
729 730
729 846
729 956
730 5
730 6
730 729
730 846
730 979
731 465
731 619
731 752
731 979
732 33
732 34
732 467
732 619
733 391
733 618
733 749
733 979
734 22
734 463
734 871
735 22
735 484
735 678
735 736
735 833
736 26
736 485
736 735
736 833
737 8
737 565
737 695
737 764
737 835
738 8
738 739
738 836
739 8
739 686
739 738
739 741
739 836
740 13
740 396
740 824
740 979
741 7
741 13
741 685
741 739
742 141
742 178
742 743
743 142
743 179
743 742
743 744
744 143
744 180
744 613
744 743
745 138
745 322
745 591
745 746
746 139
746 592
746 745
746 979
747 235
747 748
747 817
747 979
748 386
748 747
748 818
748 979
749 538
749 617
749 733
749 979
750 30
750 32
750 751
750 979
751 750
751 752
751 979
752 619
752 731
752 751
752 979
753 593
753 621
753 754
753 979
754 458
754 753
754 979
755 462
755 570
755 677
755 979
756 346
756 464
756 571
756 677
757 704
757 825
757 864
757 945
758 68
758 703
758 704
758 826
759 726
759 861
759 876
759 979
760 723
760 726
760 827
760 945
761 187
761 230
761 500
762 143
762 412
762 614
763 237
763 412
763 816
764 7
764 684
764 694
764 737
765 19
765 77
765 714
765 715
765 767
766 54
766 82
766 93
766 844
767 715
767 716
767 765
767 768
767 979
768 241
768 767
768 954
768 979
769 241
769 717
769 770
769 830
770 718
770 769
770 771
770 830
770 979
771 660
771 719
771 770
771 979
772 660
772 720
772 773
772 979
773 159
773 721
773 772
773 979
774 546
774 775
774 877
775 315
775 364
775 774
775 873
776 317
776 364
776 802
776 979
777 224
777 319
777 546
778 189
778 226
778 229
779 140
779 233
779 414
779 606
779 882
780 414
780 615
780 781
780 872
781 389
781 615
781 616
781 780
781 848
781 875
782 295
782 296
782 443
782 790
782 810
783 380
783 381
783 784
783 859
784 132
784 323
784 783
784 860
785 216
785 786
785 787
785 819
785 820
786 198
786 785
786 795
787 198
787 785
787 788
788 520
788 787
788 789
788 820
789 521
789 788
789 820
789 979
790 128
790 297
790 444
790 445
790 782
791 130
791 381
791 444
791 445
792 130
792 382
792 446
792 793
793 383
793 447
793 792
794 215
794 451
794 543
794 795
794 819
795 197
795 198
795 278
795 786
795 794
796 162
796 163
796 280
796 797
797 164
797 796
797 798
797 888
798 165
798 361
798 797
798 888
799 168
799 201
799 202
799 361
799 979
800 313
800 473
800 801
800 887
801 800
801 802
801 878
801 979
802 776
802 801
802 879
802 979
803 605
803 606
803 804
803 979
804 417
804 607
804 803
804 979
805 609
805 610
805 979
806 299
806 447
806 448
806 811
806 812
807 117
807 163
807 281
807 475
808 221
808 308
808 809
809 222
809 546
809 808
809 877
809 881
810 170
810 295
810 442
810 782
811 128
811 298
811 446
811 806
812 211
812 300
812 448
812 806
813 220
813 222
813 293
813 854
814 453
814 545
814 815
814 855
815 515
815 814
815 856
815 886
816 236
816 269
816 411
816 763
817 236
817 615
817 747
817 818
818 387
818 616
818 748
818 817
819 215
819 785
819 794
820 217
820 785
820 788
820 789
820 979
821 199
821 360
821 888
822 199
822 201
822 520
822 823
823 202
823 521
823 822
823 979
824 684
824 740
824 979
825 705
825 757
825 827
826 69
826 705
826 707
826 758
827 706
827 727
827 760
827 825
827 828
828 707
828 728
828 827
828 845
829 728
829 846
829 861
829 979
830 240
830 769
830 770
830 979
831 85
831 656
831 698
831 832
832 57
832 86
832 657
832 831
833 23
833 25
833 735
833 736
834 74
834 407
834 839
834 850
835 9
835 565
835 647
835 737
836 9
836 648
836 687
836 738
836 739
837 91
837 92
837 652
837 696
838 84
838 239
838 717
838 955
839 73
839 405
839 709
839 834
840 683
840 684
840 852
840 965
840 979
841 21
841 482
841 679
841 869
842 549
842 681
842 712
842 870
843 19
843 76
843 979
844 53
844 81
844 675
844 766
845 0
845 708
845 828
845 956
846 729
846 730
846 829
846 979
847 274
847 275
847 540
847 609
848 390
848 537
848 781
848 875
849 344
849 571
849 585
849 623
850 75
850 407
850 631
850 632
850 834
851 631
851 632
851 957
851 979
852 683
852 693
852 840
852 979
853 161
853 249
853 281
853 474
854 219
854 260
854 292
854 813
855 263
855 544
855 814
855 856
856 264
856 514
856 815
856 855
857 439
857 542
857 581
857 582
858 170
858 441
858 582
858 970
858 979
859 174
859 783
859 860
859 868
860 324
860 784
860 859
860 880
861 727
861 759
861 829
861 979
862 357
862 472
862 976
862 979
863 723
863 724
863 876
863 979
864 703
864 723
864 757
865 656
865 657
865 699
865 700
866 431
866 569
866 963
866 979
867 204
867 437
867 576
867 580
868 115
868 859
868 880
868 979
869 20
869 481
869 841
869 979
870 548
870 711
870 842
870 979
871 23
871 348
871 464
871 734
872 415
872 608
872 780
872 875
873 311
873 363
873 775
873 877
874 369
874 371
874 513
875 536
875 781
875 848
875 872
876 725
876 759
876 863
876 979
877 310
877 774
877 809
877 873
877 881
878 363
878 801
878 879
878 887
879 364
879 802
879 878
880 325
880 860
880 868
880 979
881 309
881 809
881 877
882 415
882 607
882 779
883 161
883 248
883 280
883 519
884 124
884 257
884 283
884 885
885 221
885 258
885 884
886 453
886 516
886 815
887 312
887 800
887 878
888 280
888 797
888 798
888 821
889 0
889 6
890 891
890 979
891 19
891 890
892 47
892 979
893 894
893 979
894 87
894 893
895 94
895 979
896 115
896 979
897 898
897 979
898 897
898 899
899 116
899 898
900 145
900 979
901 146
901 147
901 979
902 148
902 149
902 979
903 175
903 182
904 218
904 219
904 979
905 269
905 979
906 169
906 979
907 160
907 307
907 979
908 355
908 979
909 910
909 979
910 87
910 909
911 388
911 389
912 393
912 913
913 912
913 979
914 915
914 979
915 408
915 914
916 342
916 409
917 234
917 414
918 341
918 457
919 35
919 333
919 979
920 426
920 979
921 256
921 979
922 473
922 979
923 122
923 475
924 480
924 979
925 498
925 499
926 357
926 928
927 928
927 979
928 926
928 927
929 524
929 979
930 525
930 526
930 979
931 376
931 508
932 523
932 979
933 575
933 979
934 375
934 433
935 42
935 937
936 937
936 979
937 935
937 936
938 351
938 553
939 940
939 979
940 632
940 939
941 942
941 979
942 633
942 941
943 979
944 357
944 979
945 757
945 760
946 947
946 979
947 159
947 946
948 423
948 688
949 36
949 425
950 334
950 335
950 689
951 240
951 979
952 953
952 979
953 512
953 952
954 239
954 768
955 697
955 838
956 729
956 845
957 851
957 979
958 959
958 979
959 958
959 960
960 249
960 250
960 959
961 207
961 583
962 963
962 979
963 866
963 962
964 458
964 979
965 840
965 979
966 967
966 979
967 5
967 966
968 159
968 701
969 970
969 979
970 858
970 969
971 430
971 636
972 390
972 979
973 108
973 109
973 377
974 325
974 979
975 976
975 979
976 862
976 975
977 978
977 979
978 355
978 977
979 4
979 5
979 12
979 20
979 29
979 30
979 33
979 34
979 35
979 37
979 38
979 39
979 40
979 41
979 43
979 44
979 45
979 46
979 47
979 48
979 49
979 50
979 51
979 52
979 53
979 54
979 55
979 56
979 57
979 58
979 59
979 60
979 61
979 62
979 63
979 64
979 65
979 66
979 67
979 68
979 69
979 70
979 71
979 72
979 73
979 74
979 75
979 76
979 88
979 89
979 94
979 95
979 96
979 97
979 98
979 99
979 100
979 101
979 102
979 103
979 104
979 105
979 106
979 107
979 108
979 109
979 110
979 111
979 112
979 113
979 114
979 115
979 121
979 123
979 127
979 135
979 139
979 141
979 145
979 146
979 147
979 148
979 149
979 150
979 159
979 160
979 168
979 169
979 176
979 177
979 183
979 193
979 194
979 202
979 203
979 210
979 217
979 218
979 228
979 235
979 240
979 250
979 256
979 257
979 258
979 259
979 260
979 261
979 262
979 263
979 264
979 265
979 266
979 267
979 268
979 269
979 270
979 277
979 291
979 295
979 296
979 297
979 298
979 299
979 300
979 301
979 302
979 303
979 304
979 305
979 306
979 307
979 314
979 317
979 325
979 332
979 333
979 334
979 337
979 354
979 356
979 357
979 358
979 366
979 385
979 386
979 390
979 391
979 396
979 406
979 407
979 408
979 410
979 417
979 421
979 425
979 426
979 428
979 456
979 458
979 461
979 462
979 468
979 469
979 470
979 471
979 472
979 473
979 478
979 479
979 480
979 481
979 488
979 493
979 509
979 518
979 521
979 523
979 524
979 525
979 526
979 527
979 528
979 529
979 530
979 531
979 532
979 533
979 534
979 535
979 536
979 537
979 538
979 541
979 548
979 557
979 558
979 568
979 570
979 574
979 575
979 579
979 580
979 581
979 584
979 589
979 592
979 593
979 595
979 596
979 597
979 598
979 599
979 600
979 601
979 602
979 603
979 605
979 609
979 610
979 612
979 622
979 623
979 624
979 625
979 633
979 650
979 660
979 676
979 693
979 711
979 723
979 730
979 731
979 733
979 740
979 746
979 747
979 748
979 749
979 750
979 751
979 752
979 753
979 754
979 755
979 759
979 767
979 768
979 770
979 771
979 772
979 773
979 776
979 789
979 799
979 801
979 802
979 803
979 804
979 805
979 820
979 823
979 824
979 829
979 830
979 840
979 843
979 846
979 851
979 852
979 858
979 861
979 862
979 863
979 866
979 868
979 869
979 870
979 876
979 880
979 890
979 892
979 893
979 895
979 896
979 897
979 900
979 901
979 902
979 904
979 905
979 906
979 907
979 908
979 909
979 913
979 914
979 919
979 920
979 921
979 922
979 924
979 927
979 929
979 930
979 932
979 933
979 936
979 939
979 941
979 943
979 944
979 946
979 951
979 952
979 957
979 958
979 962
979 964
979 965
979 966
979 969
979 972
979 974
979 975
979 977
