0 1
0 6
0 298
0 382
0 556
1 0
1 2
1 89
1 956
1 1224
2 1
2 3
2 991
2 1024
3 2
3 4
3 992
3 1057
4 3
4 5
4 993
4 1058
5 4
5 994
5 1013
5 1326
6 0
6 7
6 299
6 556
7 6
7 8
7 300
7 557
8 7
8 9
8 301
8 558
9 8
9 10
9 302
9 559
10 9
10 11
10 303
10 560
11 10
11 12
11 304
11 401
11 561
12 11
12 13
12 305
12 401
13 12
13 14
13 402
13 1219
14 13
14 15
14 306
14 403
14 1260
15 14
15 16
15 307
15 404
16 15
16 17
16 405
16 1305
17 16
17 18
17 307
17 308
17 309
17 406
17 429
17 562
17 1305
18 17
18 19
18 310
18 563
18 1152
19 18
19 20
19 311
19 564
19 1152
20 19
20 21
20 312
20 314
20 492
21 20
21 22
21 313
21 316
21 1282
22 21
22 493
22 732
22 1326
23 24
23 25
23 65
23 337
23 592
23 594
23 599
24 23
24 593
24 714
24 1326
25 23
25 29
25 66
25 338
25 393
25 599
25 714
26 27
26 595
26 1049
26 1326
27 26
27 28
27 596
27 1050
28 27
28 29
28 597
28 1037
29 25
29 28
29 598
29 1051
30 31
30 34
30 418
30 495
30 1325
31 30
31 32
31 116
31 931
32 31
32 33
32 117
32 830
33 32
33 118
33 933
33 1326
34 30
34 35
34 800
35 34
35 418
35 456
35 457
35 1326
36 37
36 38
36 39
36 99
36 100
37 36
37 436
37 844
37 1326
38 36
38 39
38 100
38 101
39 36
39 38
39 40
39 331
39 436
40 39
40 42
40 43
40 101
40 102
40 383
40 440
40 667
40 668
41 42
41 881
41 1033
41 1326
42 40
42 41
42 329
42 667
42 822
43 40
43 44
43 331
44 43
44 45
44 102
44 332
45 44
45 46
45 102
45 333
46 45
46 47
46 103
47 46
47 48
47 104
47 333
47 586
47 847
48 47
48 49
48 105
48 506
48 588
49 48
49 50
49 106
50 49
50 51
50 506
50 810
50 811
50 1026
51 50
51 52
51 54
51 107
51 389
51 469
51 810
52 51
52 54
52 61
52 334
52 431
52 432
52 469
53 54
53 55
53 111
53 389
53 1068
54 51
54 52
54 53
54 108
55 53
55 56
55 472
55 1068
56 55
56 57
56 110
56 111
57 56
57 58
57 390
57 435
58 57
58 59
58 391
58 997
59 58
59 60
59 392
59 572
60 59
60 64
60 65
60 392
60 598
60 599
61 52
61 433
61 470
61 1326
62 63
62 570
62 595
62 1326
63 62
63 64
63 571
63 596
64 60
64 63
64 572
64 597
65 23
65 60
65 392
65 594
65 1185
66 25
66 67
66 339
66 340
66 393
66 606
66 999
66 1052
66 1200
67 66
67 68
67 1069
68 67
68 69
68 72
68 73
68 340
68 341
68 848
68 896
69 68
69 73
69 246
69 865
69 897
70 71
70 895
70 1002
70 1288
70 1326
71 70
71 72
71 896
71 1003
72 68
72 71
72 73
72 1004
73 68
73 69
73 72
73 246
74 75
74 313
74 445
74 516
74 1186
74 1326
75 74
75 76
75 516
75 1175
75 1326
76 75
76 77
76 1156
76 1326
77 76
77 1183
77 1326
78 79
78 866
78 867
78 868
78 1075
78 1239
78 1326
79 78
79 80
79 288
79 289
80 79
80 81
80 548
80 549
81 80
81 82
81 278
81 323
81 955
82 81
82 83
82 549
83 82
83 84
83 85
83 323
83 550
83 869
83 1216
83 1220
84 83
84 85
84 552
85 83
85 84
85 86
85 553
85 1267
86 85
86 87
86 554
86 1210
87 86
87 88
87 555
87 1222
88 87
88 89
88 326
89 1
89 88
89 90
89 382
89 1187
90 89
90 91
90 991
91 90
91 92
91 377
91 992
92 91
92 93
92 378
92 993
93 92
93 379
93 994
93 1326
94 95
94 97
94 665
94 902
95 94
95 96
95 97
95 903
96 95
96 841
96 842
96 1326
97 94
97 95
97 98
97 666
97 842
97 904
98 97
98 99
98 474
98 666
98 820
99 36
99 98
99 100
99 423
99 474
99 511
99 843
99 844
99 904
100 36
100 38
100 99
100 101
100 330
100 422
100 423
100 474
100 821
101 38
101 40
101 100
102 40
102 44
102 45
102 103
102 668
103 46
103 102
103 104
103 669
104 47
104 103
104 105
104 515
105 48
105 104
105 106
105 388
105 670
105 826
106 49
106 105
106 107
106 810
106 827
107 51
107 106
107 389
107 809
107 810
108 54
108 111
108 431
109 110
109 434
109 471
109 1225
109 1226
109 1326
110 56
110 109
110 435
110 472
111 53
111 56
111 108
111 390
112 113
112 729
112 1206
112 1315
112 1326
113 112
113 114
113 466
113 494
113 1324
114 113
114 115
114 494
115 114
115 116
115 466
115 467
116 31
116 115
116 117
116 495
116 1188
117 32
117 116
117 118
117 467
118 33
118 117
118 1236
118 1326
119 120
119 124
119 180
119 202
119 232
120 119
120 121
120 717
120 718
121 120
121 122
121 618
121 619
122 121
122 123
122 852
122 1054
123 122
123 853
123 1006
123 1326
124 119
124 125
124 180
124 718
124 854
124 1184
125 124
125 126
125 203
125 719
125 854
126 125
126 127
126 939
127 126
127 128
127 203
127 721
127 939
127 940
128 127
128 129
128 204
128 722
128 941
129 128
129 130
129 204
129 205
129 724
130 129
130 131
130 943
131 130
131 132
131 205
131 943
132 131
132 133
132 165
132 206
132 207
132 812
132 943
132 944
133 132
133 134
133 172
133 173
133 208
133 944
134 133
134 135
134 173
134 181
134 945
135 134
135 136
135 182
135 209
136 135
136 137
136 183
136 210
137 136
137 138
137 151
137 210
138 137
138 139
138 155
138 175
138 184
138 363
139 138
139 140
139 176
139 1254
140 139
140 141
140 156
140 177
141 140
141 142
141 157
141 635
142 141
142 143
142 158
142 159
142 187
142 211
142 636
142 637
142 638
142 1283
143 142
143 144
143 159
143 211
144 143
144 145
144 159
144 164
144 1215
145 144
145 150
145 212
145 213
145 640
145 645
145 646
146 147
146 160
146 191
146 192
146 1326
147 146
147 148
147 161
147 642
148 147
148 149
148 162
148 643
149 148
149 150
149 163
149 644
150 145
150 149
150 164
150 189
151 137
151 152
151 174
151 175
152 151
152 153
152 631
152 632
153 152
153 154
153 673
153 735
154 153
154 674
154 683
154 684
154 1326
155 138
155 156
155 736
155 1254
156 140
156 155
156 157
156 179
157 141
157 156
157 158
157 185
157 737
157 1283
158 142
158 157
158 186
159 142
159 143
159 144
159 162
159 164
159 188
160 146
160 161
160 367
160 581
160 1326
161 147
161 160
161 162
161 581
161 893
162 148
162 159
162 161
162 163
162 705
163 149
163 162
163 164
164 144
164 150
164 159
164 163
165 132
165 166
165 170
165 725
166 165
166 167
166 626
166 627
167 166
167 168
167 753
167 754
168 167
168 169
168 828
168 988
169 168
169 698
169 699
169 1326
170 165
170 171
170 207
170 627
171 170
171 172
171 208
171 628
172 133
172 171
172 173
172 629
173 133
173 134
173 172
173 174
173 209
173 630
174 151
174 173
174 210
174 1196
175 138
175 151
175 176
175 632
176 139
176 175
176 177
176 633
177 140
177 176
177 634
178 179
178 364
178 365
178 1303
178 1326
179 156
179 178
179 736
179 737
179 891
180 119
180 124
180 658
181 134
181 182
181 889
182 135
182 181
182 183
182 728
183 136
183 182
183 184
183 676
184 138
184 183
184 946
185 157
185 186
185 737
186 158
186 185
186 187
186 738
187 142
187 186
187 188
187 704
187 739
188 159
188 187
188 705
189 150
189 190
189 644
189 645
190 189
190 195
190 214
190 237
191 146
191 192
191 1326
192 146
192 191
192 193
192 220
192 233
192 234
192 642
193 192
193 194
193 234
193 642
194 193
194 195
194 235
194 643
195 190
195 194
195 236
195 644
196 197
196 200
196 226
196 650
197 196
197 198
197 227
197 616
198 197
198 199
198 228
198 651
199 198
199 229
199 652
199 1326
200 196
200 201
200 225
200 231
201 200
201 202
201 232
201 650
202 119
202 201
202 717
203 125
203 127
203 720
204 128
204 129
204 723
205 129
205 131
205 206
205 725
206 132
206 205
206 725
207 132
207 170
207 208
208 133
208 171
208 207
209 135
209 173
209 210
210 136
210 137
210 174
210 209
211 142
211 143
211 212
211 582
211 1215
212 145
212 211
212 639
213 145
213 215
213 645
213 646
213 693
214 190
214 215
214 216
214 645
215 213
215 214
215 216
215 693
216 214
216 215
216 217
216 218
216 224
216 237
216 368
216 648
216 649
216 693
217 216
217 218
217 368
218 216
218 217
218 649
218 764
218 934
218 968
219 220
219 233
219 371
219 531
219 1326
220 192
220 219
220 221
220 531
221 220
221 222
221 234
221 532
222 221
222 223
222 235
222 533
223 222
223 224
223 236
223 534
224 216
224 223
224 237
224 535
225 200
225 226
225 230
225 238
226 196
226 225
226 227
226 239
227 197
227 226
227 228
227 240
228 198
228 227
228 229
229 199
229 228
229 240
229 357
229 1326
230 225
230 231
230 245
231 200
231 230
231 232
231 1053
232 119
232 201
232 231
232 653
232 1253
233 192
233 219
233 1272
233 1326
234 192
234 193
234 221
234 235
235 194
235 222
235 234
235 236
236 195
236 223
236 235
236 237
237 190
237 216
237 224
237 236
238 225
238 239
238 1031
239 226
239 238
239 240
239 355
240 227
240 229
240 239
240 356
241 242
241 449
241 1039
241 1293
241 1326
242 241
242 243
242 450
242 1070
243 242
243 244
243 451
243 1117
244 243
244 245
244 452
244 1118
245 230
245 244
245 448
245 1053
246 69
246 73
246 247
246 252
246 897
246 1004
247 246
247 248
247 517
247 897
248 247
248 249
248 518
248 898
249 248
249 250
249 344
249 345
250 249
250 251
250 519
250 610
251 250
251 850
251 851
251 1326
252 246
252 253
252 517
252 908
253 252
253 254
253 394
253 524
254 253
254 255
254 671
255 254
255 256
255 394
255 1204
256 255
256 261
256 395
256 504
256 1221
257 258
257 521
257 677
257 804
257 1292
257 1326
258 257
258 259
258 678
258 804
259 258
259 260
259 679
259 805
260 259
260 261
260 680
260 806
261 256
261 260
261 394
261 503
261 680
262 263
262 267
262 915
262 968
263 262
263 264
263 916
263 934
264 263
264 265
264 765
264 766
265 264
265 266
265 917
265 935
266 265
266 918
266 936
266 1326
267 262
267 268
267 376
267 649
268 267
268 269
268 536
268 1211
269 268
269 270
269 318
269 536
269 537
269 541
269 884
270 269
270 271
270 541
270 884
271 270
271 272
271 273
271 542
271 1044
272 271
272 273
272 970
273 271
273 272
273 274
273 543
273 1256
274 273
274 275
274 544
274 953
274 1162
275 274
275 276
275 954
275 1159
276 275
276 277
276 280
276 281
277 276
277 278
277 775
277 776
278 81
278 277
278 323
278 1158
278 1266
279 280
279 286
279 546
279 547
280 276
280 279
280 775
280 954
281 276
281 282
281 776
281 1159
282 281
282 283
282 777
282 1095
283 282
283 284
283 772
283 778
284 283
284 285
284 1137
284 1138
285 284
285 1010
285 1011
285 1326
286 279
286 287
286 327
287 286
287 288
287 547
287 774
288 79
288 287
288 548
288 1075
289 79
289 290
289 549
289 868
290 289
290 291
290 550
290 981
291 290
291 292
291 551
291 962
292 291
292 293
292 552
292 1023
293 292
293 294
293 553
293 1160
294 293
294 295
294 554
294 876
295 294
295 296
295 555
295 985
296 295
296 297
296 325
296 326
297 296
297 298
297 381
297 382
298 0
298 297
298 299
298 995
299 6
299 298
299 300
299 1078
300 7
300 299
300 301
300 1059
301 8
301 300
301 302
301 1079
302 9
302 301
302 303
302 1080
303 10
303 302
303 304
303 1021
303 1092
304 11
304 303
304 305
304 419
305 12
305 304
305 306
305 400
306 14
306 305
306 307
306 485
306 969
306 1219
307 15
307 17
307 306
307 485
307 1260
308 17
308 309
308 487
309 17
309 308
309 310
309 488
310 18
310 309
310 311
310 489
311 19
311 310
311 312
311 490
312 20
312 311
312 491
313 21
313 74
313 317
313 445
313 1182
313 1326
314 20
314 315
314 411
314 412
314 443
314 564
314 1153
315 314
315 420
315 1130
315 1326
316 21
316 317
316 1153
317 313
317 316
317 476
317 1182
318 269
318 319
318 915
319 318
319 320
319 537
319 916
320 319
320 321
320 538
320 766
321 320
321 322
321 539
321 917
322 321
322 540
322 918
322 1326
323 81
323 83
323 278
323 965
324 325
324 380
324 875
324 1076
324 1240
324 1326
325 296
325 324
325 381
325 985
326 88
326 296
326 382
326 555
327 286
327 747
327 773
327 774
327 1074
327 1326
328 329
328 858
328 1033
328 1314
328 1318
328 1326
329 42
329 328
329 330
329 821
330 100
330 329
330 667
331 39
331 43
331 332
331 845
332 44
332 331
332 333
332 512
333 45
333 47
333 332
333 846
334 52
334 335
334 431
334 432
335 334
335 336
335 431
335 568
335 712
336 335
336 337
336 574
336 713
336 998
336 1027
337 23
337 336
337 592
337 593
338 25
338 339
338 715
339 66
339 338
339 715
339 733
339 999
339 1200
339 1228
340 66
340 68
340 341
340 607
340 1195
341 68
341 340
341 342
341 607
342 341
342 343
342 608
342 848
343 342
343 344
343 609
343 865
344 249
344 343
344 610
344 898
345 249
345 346
345 518
345 519
346 345
346 347
346 611
346 949
347 346
347 348
347 612
347 671
348 347
348 349
348 496
348 497
349 348
349 350
349 397
349 398
350 349
350 351
350 396
350 613
351 350
351 352
351 614
351 681
352 351
352 353
352 477
352 478
353 352
353 354
353 615
353 927
354 353
354 355
354 424
354 447
354 859
355 239
355 354
355 356
355 1031
356 240
356 355
356 357
356 424
357 229
357 356
357 425
357 1326
358 359
358 578
358 1032
358 1326
359 358
359 360
359 728
359 888
359 1032
359 1297
359 1326
360 359
360 361
360 676
360 1297
360 1326
361 360
361 362
361 363
361 946
361 1326
362 361
362 363
362 1298
362 1326
363 138
363 361
363 362
363 364
363 736
363 946
363 1326
364 178
364 363
364 736
364 1326
365 178
365 366
365 579
365 891
365 1326
366 365
366 367
366 579
366 1326
367 160
367 366
367 580
367 1326
368 216
368 217
368 369
368 648
368 764
369 368
369 370
369 648
369 763
369 951
370 369
370 952
370 967
370 1326
371 219
371 372
371 863
371 1326
372 371
372 373
372 531
372 864
372 894
373 372
373 374
373 740
373 741
374 373
374 375
374 706
374 707
375 374
375 376
375 861
375 862
376 267
376 375
376 535
376 536
376 1214
377 91
377 378
377 982
377 1187
378 92
378 377
378 379
378 983
379 93
379 378
379 984
379 1326
380 324
380 381
380 1076
380 1077
380 1088
380 1241
380 1326
381 297
381 325
381 380
381 1088
382 0
382 89
382 297
382 326
383 40
383 384
383 822
384 383
384 385
384 439
384 440
385 384
385 386
385 668
385 823
386 385
386 387
386 669
386 824
387 386
387 388
387 514
387 515
388 105
388 387
388 670
388 825
389 51
389 53
389 107
389 509
389 510
389 809
390 57
390 111
390 391
390 712
390 1189
391 58
391 390
391 392
391 998
392 59
392 60
392 65
392 391
392 573
393 25
393 66
393 1051
394 253
394 255
394 261
394 806
395 256
395 396
395 505
396 350
396 395
396 397
396 496
396 505
396 681
397 349
397 396
397 496
398 349
398 399
398 497
398 613
399 398
399 498
399 613
399 682
399 1326
400 305
400 419
400 1083
400 1245
400 1326
401 11
401 12
401 402
401 426
401 561
401 731
401 989
401 1025
401 1223
402 13
402 401
402 403
402 475
402 989
403 14
403 402
403 404
403 1144
404 15
404 403
404 405
404 486
405 16
405 404
405 406
405 441
406 17
406 405
406 407
406 1145
407 406
407 408
407 442
407 465
407 562
408 407
408 409
408 562
409 408
409 410
409 442
409 563
410 409
410 411
410 443
410 1307
411 314
411 410
412 314
412 413
412 420
412 1153
413 412
413 414
413 444
413 476
413 1131
414 413
414 415
414 444
414 1154
414 1284
415 414
415 416
415 446
415 576
415 577
415 1154
416 415
416 417
416 444
416 577
416 1134
417 416
417 1134
417 1135
417 1326
418 30
418 35
418 430
418 468
418 1326
419 304
419 400
419 1082
419 1250
419 1326
420 315
420 412
420 1131
420 1326
421 422
421 858
421 1316
421 1317
421 1326
422 100
422 421
422 473
422 821
423 99
423 100
424 354
424 356
424 425
424 615
425 357
425 424
425 928
425 1326
426 401
426 427
426 1089
427 426
427 428
427 989
427 1090
428 427
428 990
428 1091
428 1326
429 17
429 485
429 487
429 1326
430 418
430 466
430 468
430 1188
430 1326
431 52
431 108
431 334
431 335
431 1189
432 52
432 334
432 433
432 568
433 61
433 432
433 569
433 1326
434 109
434 435
434 996
434 1201
434 1226
434 1227
434 1326
435 57
435 110
435 434
435 997
436 37
436 39
436 845
436 1326
437 438
437 880
437 913
437 1326
438 437
438 439
438 881
438 914
439 384
439 438
439 822
439 823
440 40
440 384
440 668
441 405
441 486
441 1145
441 1326
442 407
442 409
442 443
442 1129
442 1146
442 1147
442 1258
442 1308
443 314
443 410
443 442
443 1130
444 413
444 414
444 416
444 1131
444 1132
444 1133
445 74
445 313
445 446
445 516
446 415
446 445
446 575
446 1182
447 354
447 448
447 859
447 927
448 245
448 447
448 452
448 930
448 1209
448 1232
449 241
449 450
449 480
449 1326
450 242
450 449
450 451
450 481
451 243
451 450
451 452
451 482
452 244
452 448
452 451
452 929
453 454
453 456
453 565
453 831
454 453
454 455
454 526
454 565
454 1111
455 454
455 527
455 1061
455 1326
456 35
456 453
456 457
456 801
457 35
457 456
457 566
457 567
457 1326
458 459
458 1115
458 1123
458 1251
458 1280
458 1326
459 458
459 1112
459 1116
459 1190
460 461
460 919
460 1112
460 1190
461 460
461 462
461 920
461 1113
462 461
462 463
462 836
462 837
463 462
463 464
463 921
463 1108
464 463
464 922
464 1114
464 1326
465 407
465 1145
465 1146
465 1326
466 113
466 115
466 430
466 1278
466 1326
467 115
467 117
467 494
467 1326
468 418
468 430
468 495
469 51
469 52
469 470
469 811
470 61
470 469
470 589
470 1326
471 109
471 472
471 1163
471 1326
472 55
472 110
472 471
472 1036
473 422
473 474
473 820
473 1326
474 98
474 99
474 100
474 473
475 402
475 990
475 1144
475 1326
476 317
476 413
476 1153
476 1154
476 1284
477 352
477 505
477 681
477 927
477 1191
478 352
478 479
478 614
478 615
479 478
479 682
479 928
479 1326
480 449
480 481
480 500
480 1179
480 1326
481 450
481 480
481 482
481 501
482 451
482 481
482 483
482 502
482 929
483 482
483 484
483 503
483 929
484 483
484 504
484 505
484 930
484 1191
485 306
485 307
485 429
485 1084
486 404
486 441
486 1144
486 1326
487 308
487 429
487 488
487 1326
488 309
488 487
488 489
488 1326
489 310
489 488
489 490
489 1148
490 311
490 489
490 491
490 1164
491 312
491 490
491 492
491 963
492 20
492 491
492 493
492 732
493 22
493 492
494 113
494 114
494 467
494 1326
495 30
495 116
495 468
496 348
496 396
496 397
496 671
496 1221
497 348
497 398
497 498
497 612
498 399
498 497
498 672
498 1326
499 500
499 677
499 1179
499 1326
500 480
500 499
500 501
500 678
501 481
501 500
501 502
501 679
502 482
502 501
502 503
502 680
503 261
503 483
503 502
503 504
504 256
504 484
504 503
504 505
505 395
505 396
505 477
505 484
505 504
506 48
506 50
506 507
506 588
506 1026
507 506
507 588
507 589
507 1326
508 509
508 807
508 1163
508 1326
509 389
509 508
509 510
509 808
509 1036
510 389
510 509
510 1068
511 99
511 843
511 844
511 1326
512 332
512 845
512 846
512 1326
513 514
513 857
513 947
513 1326
514 387
514 513
514 824
514 825
515 104
515 387
515 669
515 670
516 74
516 75
516 445
516 575
517 247
517 252
517 518
517 949
518 248
518 345
518 517
518 949
519 250
519 345
519 520
519 611
520 519
520 851
520 950
520 1208
520 1326
521 257
521 522
521 905
521 1292
521 1326
522 521
522 523
522 804
522 906
523 522
523 524
523 805
523 907
524 253
524 523
524 806
524 908
525 526
525 528
525 565
525 566
525 600
526 454
526 525
526 527
526 601
527 455
527 526
527 602
527 1326
528 525
528 529
528 530
529 528
529 530
529 600
529 1172
530 528
530 529
530 603
530 1165
530 1168
530 1326
531 219
531 220
531 372
531 532
532 221
532 531
532 533
532 894
533 222
533 532
533 534
533 740
534 223
534 533
534 535
534 706
535 224
535 376
535 534
535 649
535 861
536 268
536 269
536 376
536 541
536 862
537 269
537 319
537 538
537 885
538 320
538 537
538 539
538 767
539 321
539 538
539 540
539 886
540 322
540 539
540 887
540 1326
541 269
541 270
541 536
541 542
541 708
542 271
542 541
542 543
542 1259
543 273
543 542
543 544
543 744
544 274
544 543
544 545
544 745
545 544
545 546
545 746
545 953
546 279
546 545
546 747
546 954
547 279
547 287
547 548
547 775
548 80
548 288
548 547
548 955
549 80
549 82
549 289
549 550
550 83
550 290
550 549
550 551
551 291
551 550
551 552
551 1216
552 84
552 292
552 551
552 553
553 85
553 293
553 552
553 554
554 86
554 294
554 553
554 555
555 87
555 295
555 326
555 554
556 0
556 6
556 557
556 956
557 7
557 556
557 558
557 957
558 8
558 557
558 559
558 958
559 9
559 558
559 560
559 959
560 10
560 559
560 561
560 960
561 11
561 401
561 560
561 731
562 17
562 407
562 408
562 563
563 18
563 409
563 562
563 564
563 1152
564 19
564 314
564 563
564 1307
565 453
565 454
565 525
565 566
566 457
566 525
566 565
566 567
567 457
567 566
567 1165
567 1326
568 335
568 432
568 569
568 1027
569 433
569 568
569 590
569 1326
570 62
570 571
570 1233
570 1326
571 63
571 570
571 572
571 996
572 59
572 64
572 571
572 997
573 392
573 574
573 594
573 998
574 336
574 573
574 592
575 446
575 516
575 576
575 1175
576 415
576 575
576 577
576 1155
577 415
577 416
577 576
577 1174
578 358
578 813
578 944
578 1326
579 365
579 366
579 580
579 892
580 367
580 579
580 581
580 791
581 160
581 161
581 580
581 893
582 211
582 583
582 638
582 639
583 582
583 584
583 703
583 762
584 583
584 690
584 691
584 1326
585 586
585 847
585 1192
585 1326
586 47
586 585
586 587
586 1326
587 586
587 588
587 1326
588 48
588 506
588 507
588 587
588 1326
589 470
589 507
589 811
589 1326
590 569
590 591
590 1027
590 1326
591 590
591 593
591 713
591 1193
591 1326
592 23
592 337
592 574
592 594
593 24
593 337
593 591
593 713
593 1193
594 23
594 65
594 573
594 592
595 26
595 62
595 596
595 1326
596 27
596 63
596 595
596 597
597 28
597 64
597 596
597 598
598 29
598 60
598 597
598 599
599 23
599 25
599 60
599 598
600 525
600 529
600 601
600 832
601 526
601 600
601 602
601 1063
602 527
602 601
602 1062
602 1326
603 530
603 1166
603 1168
603 1171
603 1326
604 605
604 895
604 1050
604 1326
605 604
605 606
605 1037
605 1038
606 66
606 605
606 1051
606 1069
607 340
607 341
607 608
607 1195
607 1326
608 342
608 607
608 609
608 849
608 1207
609 343
609 608
609 610
609 849
610 250
610 344
610 609
610 850
611 346
611 519
611 612
611 950
612 347
612 497
612 611
612 672
613 350
613 398
613 399
613 614
614 351
614 478
614 613
614 682
615 353
615 424
615 478
615 928
616 197
616 617
616 650
616 651
617 616
617 618
617 716
617 1124
618 121
618 617
618 717
618 1054
619 121
619 620
619 718
619 852
620 619
620 621
620 719
620 937
621 620
621 622
621 720
621 748
622 621
622 623
622 721
622 749
623 622
623 624
623 722
623 750
624 623
624 625
624 723
624 751
625 624
625 626
625 724
625 752
626 166
626 625
626 725
626 753
627 166
627 170
627 628
627 754
628 171
628 627
628 629
628 755
629 172
629 628
629 630
629 726
630 173
630 629
630 631
630 756
631 152
631 630
631 673
631 1196
632 152
632 175
632 633
632 735
633 176
633 632
633 634
633 757
634 177
634 633
634 635
634 758
635 141
635 634
635 636
635 759
636 142
636 635
636 637
636 760
637 142
637 636
637 638
637 761
638 142
638 582
638 637
638 703
639 212
639 582
639 640
639 762
640 145
640 639
640 641
640 691
641 640
641 646
641 647
641 692
642 147
642 192
642 193
642 643
643 148
643 194
643 642
643 644
644 149
644 189
644 195
644 643
645 145
645 189
645 213
645 214
646 145
646 213
646 641
646 647
646 693
647 641
647 646
647 648
647 693
647 763
647 1197
648 216
648 368
648 369
648 647
649 216
649 218
649 267
649 535
649 968
650 196
650 201
650 616
650 716
651 198
651 616
651 652
651 1124
652 199
652 651
652 1005
652 1326
653 232
653 658
653 1053
653 1118
653 1253
654 655
654 855
654 1039
654 1180
654 1294
654 1300
654 1326
655 654
655 656
655 1070
655 1071
656 655
656 657
656 1117
656 1177
657 656
657 658
657 1118
657 1184
658 180
658 653
658 657
659 660
659 899
659 1121
659 1326
660 659
660 661
660 1120
660 1122
661 660
661 662
661 815
661 816
662 661
662 663
662 785
662 879
663 662
663 664
663 785
663 816
663 902
664 663
664 665
664 817
664 901
665 94
665 664
665 666
665 818
665 901
666 97
666 98
666 665
666 819
667 40
667 42
667 330
668 40
668 102
668 385
668 440
668 669
669 103
669 386
669 515
669 668
670 105
670 388
670 515
671 254
671 347
671 496
671 949
671 1204
672 498
672 612
672 950
672 1326
673 153
673 631
673 674
673 756
674 154
674 673
674 675
674 890
675 674
675 683
675 702
675 1326
676 183
676 360
676 728
676 946
677 257
677 499
677 678
677 1326
678 258
678 500
678 677
678 679
679 259
679 501
679 678
679 680
680 260
680 261
680 502
680 679
681 351
681 396
681 477
682 399
682 479
682 614
682 1326
683 154
683 675
683 1326
684 154
684 685
684 735
684 1326
685 684
685 686
685 757
685 1326
686 685
686 687
686 758
686 1326
687 686
687 688
687 759
687 1326
688 687
688 689
688 760
688 1326
689 688
689 690
689 761
689 1199
689 1326
690 584
690 689
690 703
690 1199
691 584
691 640
691 692
691 762
691 1326
692 641
692 691
692 763
692 967
692 1197
692 1326
693 213
693 215
693 216
693 646
693 647
694 695
694 748
694 938
694 1198
694 1326
695 694
695 696
695 1028
695 1326
696 695
696 697
696 1151
696 1326
697 696
697 698
697 860
697 1326
698 169
698 697
698 828
698 1326
699 169
699 700
699 988
699 1326
700 699
700 701
700 975
700 1326
701 700
701 702
701 727
701 1326
702 675
702 701
702 890
702 1326
703 583
703 638
703 690
703 761
704 187
704 705
704 739
704 791
705 162
705 188
705 704
705 893
706 374
706 534
706 740
706 861
707 374
707 708
707 741
707 862
708 541
708 707
708 711
708 742
709 710
709 882
709 1086
709 1326
710 709
710 711
710 883
710 1157
711 708
711 710
711 742
711 743
712 335
712 390
712 998
713 336
713 591
713 593
713 1027
714 24
714 25
714 715
714 1060
715 338
715 339
715 714
715 948
716 617
716 650
716 717
717 120
717 202
717 618
717 716
718 120
718 124
718 619
718 719
719 125
719 620
719 718
719 720
720 203
720 621
720 719
720 721
721 127
721 622
721 720
721 722
722 128
722 623
722 721
722 723
723 204
723 624
723 722
723 724
724 129
724 625
724 723
724 725
725 165
725 205
725 206
725 626
725 724
726 629
726 727
726 755
726 756
727 701
727 726
727 890
727 975
728 182
728 359
728 676
728 889
729 112
729 730
729 1205
729 1206
729 1217
729 1326
730 729
730 803
730 1203
730 1217
730 1326
731 401
731 561
731 960
732 22
732 492
732 963
732 1326
733 339
733 948
733 1000
733 1326
734 802
734 1202
734 1263
734 1275
734 1326
735 153
735 632
735 684
735 757
736 155
736 179
736 363
736 364
737 157
737 179
737 185
737 738
737 891
738 186
738 737
738 739
738 892
739 187
739 704
739 738
739 791
740 373
740 533
740 706
740 894
741 373
741 707
741 742
741 864
742 708
742 711
742 741
742 883
743 711
743 744
743 1157
743 1259
744 543
744 743
744 745
744 1127
745 544
745 744
745 746
745 1161
746 545
746 745
746 747
746 974
747 327
747 546
747 746
747 1074
748 621
748 694
748 749
748 937
748 1028
749 622
749 748
749 750
750 623
750 749
750 751
750 1028
751 624
751 750
751 752
751 1151
752 625
752 751
752 753
752 860
753 167
753 626
753 752
753 828
754 167
754 627
754 755
754 988
755 628
755 726
755 754
755 975
756 630
756 673
756 726
756 890
757 633
757 685
757 735
757 758
758 634
758 686
758 757
758 759
759 635
759 687
759 758
759 760
760 636
760 688
760 759
760 761
761 637
761 689
761 703
761 760
762 583
762 639
762 691
763 369
763 647
763 692
763 967
764 218
764 368
764 765
764 951
765 264
765 764
765 934
765 935
766 264
766 320
766 916
766 917
767 538
767 768
767 885
767 886
768 767
768 769
768 1045
768 1046
769 768
769 770
769 971
769 972
770 769
770 771
770 1093
770 1126
771 770
771 772
771 1094
771 1136
772 283
772 771
772 1095
772 1137
773 327
773 774
773 1273
773 1326
774 287
774 327
774 773
774 1075
775 277
775 280
775 547
775 955
776 277
776 281
776 777
776 1158
777 282
777 776
777 778
777 1096
778 283
778 777
778 964
779 780
779 877
779 1121
779 1326
780 779
780 781
780 878
780 1122
781 780
781 782
781 815
782 781
782 783
782 878
782 879
783 782
783 784
783 910
783 1110
784 783
784 785
784 792
784 879
785 662
785 663
785 784
785 786
786 785
786 787
786 792
786 902
787 786
787 788
787 793
787 903
788 787
788 789
788 793
788 1047
789 788
789 790
789 794
789 840
790 789
790 795
790 1048
790 1326
791 580
791 704
791 739
791 892
791 893
792 784
792 786
792 793
792 1110
793 787
793 788
793 792
793 794
793 839
793 912
794 789
794 793
794 795
794 839
795 790
795 794
795 1119
795 1326
796 797
796 800
796 831
796 931
797 796
797 798
797 830
797 831
798 797
798 799
798 932
798 1111
799 798
799 933
799 1061
799 1326
800 34
800 796
800 801
800 931
800 1325
801 456
801 800
801 831
802 734
802 803
802 1263
802 1326
803 730
803 802
803 1326
804 257
804 258
804 522
804 805
804 1299
805 259
805 523
805 804
805 806
806 260
806 394
806 524
806 805
807 508
807 808
807 1035
807 1269
807 1326
808 509
808 807
808 809
808 1035
809 107
809 389
809 808
809 827
810 50
810 51
810 106
810 107
811 50
811 469
811 589
811 1026
812 132
812 814
812 829
812 944
812 987
812 1043
813 578
813 814
813 829
813 1326
814 812
814 813
814 944
815 661
815 781
815 879
815 1122
816 661
816 663
816 817
816 1120
817 664
817 816
817 818
817 900
818 665
818 817
818 819
818 909
819 666
819 818
819 820
819 1056
820 98
820 473
820 819
820 1173
821 100
821 329
821 422
821 858
822 42
822 383
822 439
822 881
823 385
823 439
823 824
823 914
824 386
824 514
824 823
824 857
825 388
825 514
825 826
825 947
826 105
826 825
826 827
826 1034
827 106
827 809
827 826
827 1035
828 168
828 698
828 753
828 860
829 812
829 813
829 1043
829 1326
830 32
830 797
830 931
830 932
831 453
831 796
831 797
831 801
831 1111
832 600
832 833
832 1063
832 1064
832 1167
833 832
833 834
833 1064
833 1106
834 833
834 835
834 1104
834 1105
835 834
835 836
835 1107
835 1170
836 462
836 835
836 1108
836 1113
837 462
837 838
837 920
837 921
838 837
838 839
838 912
838 921
838 1109
839 793
839 794
839 838
839 1119
840 789
840 841
840 1047
840 1048
840 1255
841 96
841 840
841 903
841 1326
842 96
842 97
842 843
842 1326
843 99
843 511
843 842
843 904
843 1326
844 37
844 99
844 511
844 1326
845 331
845 436
845 512
845 1326
846 333
846 512
846 847
847 47
847 585
847 846
848 68
848 342
848 865
849 608
849 609
849 850
849 1207
849 1326
850 251
850 610
850 849
850 1326
851 251
851 520
851 1326
852 122
852 619
852 853
852 937
853 123
853 852
853 938
853 1326
854 124
854 125
854 856
854 939
854 1177
854 1184
855 654
855 856
855 1040
855 1181
855 1295
855 1304
855 1326
856 854
856 855
856 1055
856 1071
857 513
857 824
857 914
857 1326
858 328
858 421
858 821
858 1317
858 1326
859 354
859 447
859 1031
859 1209
860 697
860 752
860 828
860 1151
861 375
861 535
861 706
861 1214
862 375
862 536
862 707
863 371
863 864
863 1085
863 1326
864 372
864 741
864 863
864 883
865 69
865 343
865 848
865 898
866 78
866 867
866 980
866 1239
866 1249
866 1326
867 78
867 866
867 868
867 1249
868 78
868 289
868 867
868 981
869 83
869 870
869 977
869 1097
870 869
870 871
870 978
870 1139
871 870
871 979
871 1012
871 1326
872 873
872 982
872 1097
872 1210
873 872
873 874
873 983
873 1139
874 873
874 984
874 1012
874 1326
875 324
875 876
875 985
875 1022
875 1240
875 1326
876 294
876 875
876 985
876 1160
877 779
877 878
877 923
877 1326
878 780
878 782
878 877
878 910
878 924
879 662
879 782
879 784
879 815
880 437
880 881
880 1230
880 1326
881 41
881 438
881 822
881 880
882 709
882 883
882 1085
882 1326
883 710
883 742
883 864
883 882
884 269
884 270
884 885
884 1044
885 537
885 767
885 884
885 1045
886 539
886 767
886 887
886 1046
887 540
887 886
887 1007
887 1326
888 359
888 889
888 944
889 181
889 728
889 888
889 945
890 674
890 702
890 727
890 756
891 179
891 365
891 737
891 892
892 579
892 738
892 791
892 891
893 161
893 581
893 705
893 791
894 372
894 532
894 740
895 70
895 604
895 896
895 1038
895 1270
895 1326
896 68
896 71
896 895
896 1069
897 69
897 246
897 247
897 898
898 248
898 344
898 865
898 897
899 659
899 900
899 1120
899 1281
899 1326
900 817
900 899
900 909
900 1120
901 664
901 665
901 902
902 94
902 663
902 786
902 901
902 903
903 95
903 787
903 841
903 902
903 1047
904 97
904 99
904 843
905 521
905 906
905 1290
905 1291
905 1326
906 522
906 905
906 907
906 1002
907 523
907 906
907 908
907 1003
908 252
908 524
908 907
908 1004
909 818
909 900
909 1056
909 1326
910 783
910 878
910 911
910 925
911 910
911 912
911 926
911 1110
912 793
912 838
912 911
912 920
912 1252
913 437
913 914
913 1231
913 1326
914 438
914 823
914 857
914 913
914 1231
914 1326
915 262
915 318
915 916
915 1211
916 263
916 319
916 766
916 915
917 265
917 321
917 766
917 918
918 266
918 322
918 917
918 1326
919 460
919 920
919 1212
920 461
920 837
920 912
920 919
921 463
921 837
921 838
921 922
921 1109
922 464
922 921
922 1109
922 1326
923 877
923 924
923 1115
923 1326
924 878
924 923
924 925
924 1116
925 910
925 924
925 926
925 1116
926 911
926 925
926 1116
926 1212
927 353
927 447
927 477
927 1213
928 425
928 479
928 615
928 1326
929 452
929 482
929 483
929 930
930 448
930 484
930 929
930 1213
931 31
931 796
931 800
931 830
932 798
932 830
932 933
933 33
933 799
933 932
933 1326
934 218
934 263
934 765
934 1218
935 265
935 765
935 936
935 951
936 266
936 935
936 952
936 1326
937 620
937 748
937 852
937 938
938 694
938 853
938 937
938 1326
939 126
939 127
939 854
939 940
939 1055
940 127
940 939
940 941
940 1072
941 128
941 940
941 942
941 1030
942 941
942 943
942 1073
943 130
943 131
943 132
943 942
943 987
944 132
944 133
944 578
944 812
944 814
944 888
944 945
944 1032
945 134
945 889
945 944
946 184
946 361
946 363
946 676
947 513
947 825
947 1034
947 1326
948 715
948 733
948 1060
948 1326
949 346
949 517
949 518
949 671
950 520
950 611
950 672
950 1326
951 369
951 764
951 935
951 952
952 370
952 936
952 951
952 1326
953 274
953 545
953 954
954 275
954 280
954 546
954 953
955 81
955 548
955 775
955 1266
956 1
956 556
956 957
956 1262
957 557
957 956
957 958
957 1018
958 558
958 957
958 959
958 1018
958 1306
959 559
959 958
959 960
959 1025
959 1150
959 1261
960 560
960 731
960 959
960 1025
961 962
961 980
961 1022
961 1326
962 291
962 961
962 981
962 1023
963 491
963 732
963 1164
963 1322
963 1326
964 778
964 966
964 1096
964 1138
965 323
965 966
965 976
965 1158
966 964
966 965
966 977
966 1096
967 370
967 692
967 763
967 1326
968 218
968 262
968 649
968 1218
969 306
969 1083
969 1084
969 1246
969 1326
970 272
970 971
970 1044
970 1125
971 769
971 970
971 1045
971 1093
972 769
972 973
972 1046
972 1126
973 972
973 1007
973 1008
973 1326
974 746
974 1074
974 1087
974 1161
974 1326
975 700
975 727
975 755
975 988
976 965
976 977
976 1220
977 869
977 966
977 976
977 978
978 870
978 977
978 979
978 1138
979 871
979 978
979 1011
979 1326
980 866
980 961
980 981
980 1249
980 1326
981 290
981 868
981 962
981 980
982 377
982 872
982 983
982 1222
983 378
983 873
983 982
983 984
984 379
984 874
984 983
984 1326
985 295
985 325
985 875
985 876
986 987
986 1042
986 1043
986 1326
987 812
987 943
987 986
987 1073
988 168
988 699
988 754
988 975
989 401
989 402
989 427
989 990
989 1223
990 428
990 475
990 989
990 1326
991 2
991 90
991 992
991 1224
992 3
992 91
992 991
992 993
993 4
993 92
993 992
993 994
994 5
994 93
994 993
994 1326
995 298
995 1077
995 1078
995 1088
995 1242
995 1326
996 434
996 571
996 997
996 1227
997 58
997 435
997 572
997 996
998 336
998 391
998 573
998 712
999 66
999 339
999 1000
999 1228
1000 733
1000 999
1000 1052
1000 1326
1001 1002
1001 1287
1001 1288
1001 1289
1001 1290
1001 1326
1002 70
1002 906
1002 1001
1002 1003
1003 71
1003 907
1003 1002
1003 1004
1004 72
1004 246
1004 908
1004 1003
1005 652
1005 1006
1005 1124
1005 1326
1006 123
1006 1005
1006 1054
1006 1326
1007 887
1007 973
1007 1046
1007 1326
1008 973
1008 1009
1008 1126
1008 1326
1009 1008
1009 1010
1009 1136
1009 1326
1010 285
1010 1009
1010 1137
1010 1326
1011 285
1011 979
1011 1138
1011 1326
1012 871
1012 874
1012 1139
1012 1326
1013 5
1013 1014
1013 1058
1013 1326
1014 1013
1014 1015
1014 1020
1014 1326
1015 1014
1015 1016
1015 1140
1015 1326
1016 1015
1016 1017
1016 1141
1016 1326
1017 1016
1017 1142
1017 1229
1017 1238
1017 1326
1018 957
1018 958
1018 1019
1018 1024
1018 1235
1019 1018
1019 1020
1019 1057
1019 1098
1020 1014
1020 1019
1020 1058
1020 1140
1021 303
1021 1080
1021 1092
1021 1244
1021 1326
1022 875
1022 961
1022 1023
1022 1160
1022 1326
1023 292
1023 962
1023 1022
1023 1160
1024 2
1024 1018
1024 1057
1024 1262
1025 401
1025 959
1025 960
1025 1089
1026 50
1026 506
1026 811
1027 336
1027 568
1027 590
1027 713
1028 695
1028 748
1028 750
1028 1151
1029 1030
1029 1041
1029 1042
1029 1326
1030 941
1030 1029
1030 1072
1030 1073
1031 238
1031 355
1031 859
1031 1232
1032 358
1032 359
1032 944
1033 41
1033 328
1033 1313
1033 1326
1034 826
1034 947
1034 1035
1034 1326
1035 807
1035 808
1035 827
1035 1034
1035 1269
1035 1326
1036 472
1036 509
1036 1068
1036 1163
1037 28
1037 605
1037 1050
1037 1051
1038 605
1038 895
1038 1069
1039 241
1039 654
1039 1070
1039 1293
1039 1294
1039 1326
1040 855
1040 1041
1040 1055
1040 1296
1040 1326
1041 1029
1041 1040
1041 1072
1041 1296
1041 1326
1042 986
1042 1029
1042 1073
1042 1326
1043 812
1043 829
1043 986
1043 1326
1044 271
1044 884
1044 970
1044 1045
1045 768
1045 885
1045 971
1045 1044
1046 768
1046 886
1046 972
1046 1007
1047 788
1047 840
1047 903
1048 790
1048 840
1048 1255
1048 1326
1049 26
1049 1050
1049 1234
1049 1326
1050 27
1050 604
1050 1037
1050 1049
1050 1234
1051 29
1051 393
1051 606
1051 1037
1052 66
1052 1000
1052 1320
1052 1326
1053 231
1053 245
1053 653
1054 122
1054 618
1054 1006
1054 1124
1055 856
1055 939
1055 1040
1055 1072
1056 819
1056 909
1056 1173
1056 1326
1057 3
1057 1019
1057 1024
1057 1058
1057 1235
1058 4
1058 1013
1058 1020
1058 1057
1059 300
1059 1078
1059 1079
1059 1176
1059 1326
1060 714
1060 948
1060 1319
1060 1326
1061 455
1061 799
1061 1111
1061 1326
1062 602
1062 1063
1062 1326
1063 601
1063 832
1063 1062
1063 1106
1063 1326
1064 832
1064 833
1064 1067
1064 1104
1064 1167
1065 1066
1065 1123
1065 1171
1065 1279
1065 1326
1066 1065
1066 1067
1066 1102
1066 1166
1067 1064
1067 1066
1067 1103
1067 1167
1068 53
1068 55
1068 510
1068 1036
1069 67
1069 606
1069 896
1069 1038
1070 242
1070 655
1070 1039
1070 1117
1071 655
1071 856
1071 1177
1071 1304
1072 940
1072 1030
1072 1041
1072 1055
1073 942
1073 987
1073 1030
1073 1042
1074 327
1074 747
1074 974
1074 1326
1075 78
1075 288
1075 774
1075 1326
1076 324
1076 380
1076 1241
1076 1326
1077 380
1077 995
1077 1088
1077 1242
1077 1326
1078 299
1078 995
1078 1059
1078 1326
1079 301
1079 1059
1079 1080
1079 1178
1080 302
1080 1021
1080 1079
1080 1326
1081 1082
1081 1092
1081 1243
1081 1244
1081 1326
1082 419
1082 1081
1082 1250
1082 1326
1083 400
1083 969
1083 1245
1083 1326
1084 485
1084 969
1084 1246
1084 1247
1084 1326
1085 863
1085 882
1085 1248
1085 1326
1086 709
1086 1087
1086 1157
1086 1326
1087 974
1087 1086
1087 1127
1087 1326
1088 380
1088 381
1088 995
1088 1077
1089 426
1089 1025
1089 1090
1089 1150
1090 427
1090 1089
1090 1091
1090 1101
1091 428
1091 1090
1091 1143
1091 1326
1092 303
1092 1021
1092 1081
1092 1250
1093 770
1093 971
1093 1094
1093 1125
1094 771
1094 1093
1094 1095
1094 1162
1095 282
1095 772
1095 1094
1095 1159
1096 777
1096 964
1096 966
1096 1158
1097 869
1097 872
1097 1139
1097 1267
1098 1019
1098 1099
1098 1140
1098 1306
1099 1098
1099 1100
1099 1141
1099 1149
1100 1099
1100 1101
1100 1142
1100 1149
1101 1090
1101 1100
1101 1143
1101 1264
1101 1265
1102 1066
1102 1103
1102 1169
1102 1251
1103 1067
1103 1102
1103 1104
1103 1169
1104 834
1104 1064
1104 1103
1104 1170
1105 834
1105 1106
1105 1107
1105 1326
1106 833
1106 1063
1106 1105
1106 1326
1107 835
1107 1105
1107 1108
1107 1114
1107 1326
1108 463
1108 836
1108 1107
1108 1114
1109 838
1109 921
1109 922
1109 1119
1109 1326
1110 783
1110 792
1110 911
1110 1252
1111 454
1111 798
1111 831
1111 1061
1112 459
1112 460
1112 1113
1112 1169
1113 461
1113 836
1113 1112
1113 1170
1114 464
1114 1107
1114 1108
1114 1326
1115 458
1115 923
1115 1116
1115 1280
1115 1326
1116 459
1116 924
1116 925
1116 926
1116 1115
1117 243
1117 656
1117 1070
1117 1118
1118 244
1118 653
1118 657
1118 1117
1119 795
1119 839
1119 1109
1119 1326
1120 660
1120 816
1120 899
1120 900
1121 659
1121 779
1121 1122
1121 1326
1122 660
1122 780
1122 815
1122 1121
1123 458
1123 1065
1123 1326
1124 617
1124 651
1124 1005
1124 1054
1125 970
1125 1093
1125 1162
1125 1256
1126 770
1126 972
1126 1008
1126 1136
1127 744
1127 1087
1127 1157
1127 1161
1128 1129
1128 1147
1128 1257
1128 1326
1129 442
1129 1128
1129 1130
1129 1258
1129 1308
1129 1326
1130 315
1130 443
1130 1129
1130 1326
1131 413
1131 420
1131 444
1131 1132
1131 1326
1132 444
1132 1131
1132 1133
1132 1326
1133 444
1133 1132
1133 1134
1133 1326
1134 416
1134 417
1134 1133
1134 1326
1135 417
1135 1174
1135 1326
1136 771
1136 1009
1136 1126
1136 1137
1137 284
1137 772
1137 1010
1137 1136
1138 284
1138 964
1138 978
1138 1011
1139 870
1139 873
1139 1012
1139 1097
1140 1015
1140 1020
1140 1098
1140 1141
1141 1016
1141 1099
1141 1140
1141 1142
1142 1017
1142 1100
1142 1141
1142 1143
1143 1091
1143 1101
1143 1142
1143 1326
1144 403
1144 475
1144 486
1144 1326
1145 406
1145 441
1145 465
1145 1326
1146 442
1146 465
1146 1147
1146 1326
1147 442
1147 1128
1147 1146
1147 1258
1148 489
1148 1164
1148 1321
1148 1326
1149 1099
1149 1100
1149 1150
1149 1261
1150 959
1150 1089
1150 1149
1150 1264
1150 1265
1151 696
1151 751
1151 860
1151 1028
1152 18
1152 19
1152 563
1153 314
1153 316
1153 412
1153 476
1153 1282
1154 414
1154 415
1154 476
1154 1182
1155 576
1155 1156
1155 1174
1155 1175
1155 1183
1156 76
1156 1155
1156 1175
1156 1183
1157 710
1157 743
1157 1086
1157 1127
1158 278
1158 776
1158 965
1158 1096
1159 275
1159 281
1159 1095
1159 1162
1160 293
1160 876
1160 1022
1160 1023
1161 745
1161 974
1161 1127
1162 274
1162 1094
1162 1125
1162 1159
1163 471
1163 508
1163 1036
1163 1326
1164 490
1164 963
1164 1148
1164 1326
1165 530
1165 567
1165 1326
1166 603
1166 1066
1166 1167
1166 1168
1166 1171
1167 832
1167 1064
1167 1067
1167 1166
1167 1172
1168 530
1168 603
1168 1166
1168 1172
1169 1102
1169 1103
1169 1112
1169 1170
1170 835
1170 1104
1170 1113
1170 1169
1171 603
1171 1065
1171 1166
1171 1279
1171 1326
1172 529
1172 1167
1172 1168
1173 820
1173 1056
1173 1277
1173 1326
1174 577
1174 1135
1174 1155
1175 75
1175 575
1175 1155
1175 1156
1176 1059
1176 1178
1176 1326
1177 656
1177 854
1177 1071
1177 1184
1178 1079
1178 1176
1178 1286
1178 1326
1179 480
1179 499
1179 1326
1180 654
1180 1181
1180 1300
1180 1326
1181 855
1181 1180
1181 1295
1181 1300
1181 1301
1181 1326
1182 313
1182 317
1182 446
1182 1154
1183 77
1183 1155
1183 1156
1184 124
1184 657
1184 854
1184 1177
1185 65
1186 74
1186 1326
1187 89
1187 377
1188 116
1188 430
1189 390
1189 431
1190 459
1190 460
1191 477
1191 484
1192 585
1192 1326
1193 591
1193 593
1193 1326
1194 1195
1194 1326
1195 340
1195 607
1195 1194
1196 174
1196 631
1197 647
1197 692
1198 694
1198 1326
1199 689
1199 690
1199 1326
1200 66
1200 339
1201 434
1202 734
1202 1326
1203 730
1203 1326
1204 255
1204 671
1205 729
1205 1326
1206 112
1206 729
1206 1326
1207 608
1207 849
1207 1326
1208 520
1208 1326
1209 448
1209 859
1210 86
1210 872
1211 268
1211 915
1212 919
1212 926
1213 927
1213 930
1214 376
1214 861
1215 144
1215 211
1216 83
1216 551
1217 729
1217 730
1218 934
1218 968
1219 13
1219 306
1220 83
1220 976
1221 256
1221 496
1222 87
1222 982
1223 401
1223 989
1224 1
1224 991
1225 109
1225 1326
1226 109
1226 434
1226 1326
1227 434
1227 996
1227 1326
1228 339
1228 999
1229 1017
1229 1326
1230 880
1230 1326
1231 913
1231 914
1231 1326
1232 448
1232 1031
1233 570
1233 1326
1234 1049
1234 1050
1234 1326
1235 1018
1235 1057
1236 118
1236 1326
1237 1326
1238 1017
1238 1326
1239 78
1239 866
1239 1326
1240 324
1240 875
1240 1326
1241 380
1241 1076
1241 1326
1242 995
1242 1077
1242 1326
1243 1081
1243 1244
1243 1326
1244 1021
1244 1081
1244 1243
1245 400
1245 1083
1245 1326
1246 969
1246 1084
1246 1326
1247 1084
1247 1326
1248 1085
1249 866
1249 867
1249 980
1250 419
1250 1082
1250 1092
1251 458
1251 1102
1252 912
1252 1110
1253 232
1253 653
1254 139
1254 155
1255 840
1255 1048
1255 1326
1256 273
1256 1125
1257 1128
1257 1326
1258 442
1258 1129
1258 1147
1259 542
1259 743
1260 14
1260 307
1261 959
1261 1149
1262 956
1262 1024
1263 734
1263 802
1264 1101
1264 1150
1265 1101
1265 1150
1266 278
1266 955
1267 85
1267 1097
1268 1269
1268 1326
1269 807
1269 1035
1269 1268
1270 895
1270 1326
1271 1272
1271 1326
1272 233
1272 1271
1273 773
1273 1326
1274 1275
1274 1326
1275 734
1275 1274
1276 1277
1276 1326
1277 1173
1277 1276
1278 466
1278 1326
1279 1065
1279 1171
1279 1326
1280 458
1280 1115
1280 1326
1281 899
1281 1326
1282 21
1282 1153
1283 142
1283 157
1284 414
1284 476
1285 1286
1285 1326
1286 1178
1286 1285
1287 1001
1287 1288
1287 1326
1288 70
1288 1001
1288 1287
1289 1001
1289 1290
1289 1326
1290 905
1290 1001
1290 1289
1290 1291
1291 905
1291 1290
1291 1326
1292 257
1292 521
1292 1326
1293 241
1293 1039
1293 1326
1294 654
1294 1039
1294 1326
1295 855
1295 1181
1295 1326
1296 1040
1296 1041
1296 1326
1297 359
1297 360
1297 1326
1298 362
1298 1326
1299 804
1300 654
1300 1180
1300 1181
1300 1301
1301 1181
1301 1300
1302 1326
1303 178
1303 1326
1304 855
1304 1071
1305 16
1305 17
1306 958
1306 1098
1307 410
1307 564
1308 442
1308 1129
1309 1310
1309 1326
1310 1309
1310 1311
1311 1310
1311 1326
1312 1313
1312 1326
1313 1033
1313 1312
1314 328
1314 1326
1315 112
1315 1326
1316 421
1316 1326
1317 421
1317 858
1317 1326
1318 328
1318 1326
1319 1060
1319 1326
1320 1052
1320 1326
1321 1148
1321 1326
1322 963
1322 1326
1323 1324
1323 1326
1324 113
1324 1323
1325 30
1325 800
1326 5
1326 22
1326 24
1326 26
1326 33
1326 35
1326 37
1326 41
1326 61
1326 62
1326 70
1326 74
1326 75
1326 76
1326 77
1326 78
1326 93
1326 96
1326 109
1326 112
1326 118
1326 123
1326 146
1326 154
1326 160
1326 169
1326 178
1326 191
1326 199
1326 219
1326 229
1326 233
1326 241
1326 251
1326 257
1326 266
1326 285
1326 313
1326 315
1326 322
1326 324
1326 327
1326 328
1326 357
1326 358
1326 359
1326 360
1326 361
1326 362
1326 363
1326 364
1326 365
1326 366
1326 367
1326 370
1326 371
1326 379
1326 380
1326 399
1326 400
1326 417
1326 418
1326 419
1326 420
1326 421
1326 425
1326 428
1326 429
1326 430
1326 433
1326 434
1326 436
1326 437
1326 441
1326 449
1326 455
1326 457
1326 458
1326 464
1326 465
1326 466
1326 467
1326 470
1326 471
1326 473
1326 475
1326 479
1326 480
1326 486
1326 487
1326 488
1326 494
1326 498
1326 499
1326 507
1326 508
1326 511
1326 512
1326 513
1326 520
1326 521
1326 527
1326 530
1326 540
1326 567
1326 569
1326 570
1326 578
1326 584
1326 585
1326 586
1326 587
1326 588
1326 589
1326 590
1326 591
1326 595
1326 602
1326 603
1326 604
1326 607
1326 652
1326 654
1326 659
1326 672
1326 675
1326 677
1326 682
1326 683
1326 684
1326 685
1326 686
1326 687
1326 688
1326 689
1326 691
1326 692
1326 694
1326 695
1326 696
1326 697
1326 698
1326 699
1326 700
1326 701
1326 702
1326 709
1326 729
1326 730
1326 732
1326 733
1326 734
1326 773
1326 779
1326 790
1326 795
1326 799
1326 802
1326 803
1326 807
1326 813
1326 829
1326 841
1326 842
1326 843
1326 844
1326 845
1326 849
1326 850
1326 851
1326 853
1326 855
1326 857
1326 858
1326 863
1326 866
1326 871
1326 874
1326 875
1326 877
1326 880
1326 882
1326 887
1326 895
1326 899
1326 905
1326 909
1326 913
1326 914
1326 918
1326 922
1326 923
1326 928
1326 933
1326 936
1326 938
1326 947
1326 948
1326 950
1326 952
1326 961
1326 963
1326 967
1326 969
1326 973
1326 974
1326 979
1326 980
1326 984
1326 986
1326 990
1326 994
1326 995
1326 1000
1326 1001
1326 1005
1326 1006
1326 1007
1326 1008
1326 1009
1326 1010
1326 1011
1326 1012
1326 1013
1326 1014
1326 1015
1326 1016
1326 1017
1326 1021
1326 1022
1326 1029
1326 1033
1326 1034
1326 1035
1326 1039
1326 1040
1326 1041
1326 1042
1326 1043
1326 1048
1326 1049
1326 1052
1326 1056
1326 1059
1326 1060
1326 1061
1326 1062
1326 1063
1326 1065
1326 1074
1326 1075
1326 1076
1326 1077
1326 1078
1326 1080
1326 1081
1326 1082
1326 1083
1326 1084
1326 1085
1326 1086
1326 1087
1326 1091
1326 1105
1326 1106
1326 1107
1326 1109
1326 1114
1326 1115
1326 1119
1326 1121
1326 1123
1326 1128
1326 1129
1326 1130
1326 1131
1326 1132
1326 1133
1326 1134
1326 1135
1326 1143
1326 1144
1326 1145
1326 1146
1326 1148
1326 1163
1326 1164
1326 1165
1326 1171
1326 1173
1326 1176
1326 1178
1326 1179
1326 1180
1326 1181
1326 1186
1326 1192
1326 1193
1326 1194
1326 1198
1326 1199
1326 1202
1326 1203
1326 1205
1326 1206
1326 1207
1326 1208
1326 1225
1326 1226
1326 1227
1326 1229
1326 1230
1326 1231
1326 1233
1326 1234
1326 1236
1326 1237
1326 1238
1326 1239
1326 1240
1326 1241
1326 1242
1326 1243
1326 1245
1326 1246
1326 1247
1326 1255
1326 1257
1326 1268
1326 1270
1326 1271
1326 1273
1326 1274
1326 1276
1326 1278
1326 1279
1326 1280
1326 1281
1326 1285
1326 1287
1326 1289
1326 1291
1326 1292
1326 1293
1326 1294
1326 1295
1326 1296
1326 1297
1326 1298
1326 1302
1326 1303
1326 1309
1326 1311
1326 1312
1326 1314
1326 1315
1326 1316
1326 1317
1326 1318
1326 1319
1326 1320
1326 1321
1326 1322
1326 1323
