0 3
0 14
0 762
0 763
0 0
1 762
1 763
1 0
1 2
1 14
1 282
2 1365
2 0
2 5
2 762
3 65
3 165
3 167
3 1187
3 66
3 164
4 165
4 167
4 1187
4 66
5 1
5 3
5 14
5 762
6 14
6 762
6 763
6 0
6 2
6 14
7 1365
7 0
7 5
7 762
8 1365
8 60
8 62
8 107
9 60
9 62
9 107
9 1084
10 165
10 167
10 1187
10 66
11 3
11 14
11 762
11 763
11 0
12 438
12 25
12 72
12 894
13 25
13 72
13 894
13 1365
14 307
14 520
14 521
14 1365
14 306
14 308
14 838
14 963
15 1
15 3
15 14
15 762
16 0
16 2
16 14
16 282
17 65
17 165
17 167
17 1187
18 165
18 167
18 1187
18 66
19 1247
19 261
19 293
19 1108
20 748
20 11
20 219
20 221
20 269
20 759
20 786
20 1127
21 0
21 2
21 14
21 282
21 283
21 763
21 1
22 1247
22 261
22 293
22 1108
22 1365
22 66
22 110
22 264
23 300
23 1156
23 238
23 299
24 307
24 520
24 521
24 1365
25 762
25 763
25 0
25 2
26 763
26 0
26 2
26 14
27 1247
27 261
27 293
27 1108
28 109
28 268
28 875
28 1181
29 14
29 282
29 283
29 763
30 78
30 255
30 360
31 255
31 360
31 1234
31 81
31 430
32 360
32 1234
32 81
32 430
32 917
33 1242
33 235
33 237
33 1067
34 307
34 520
34 521
34 1365
35 2
35 14
35 282
35 283
36 282
36 283
36 763
36 1
36 331
37 42
37 75
37 8
37 43
38 1242
38 235
38 237
38 1067
38 1068
39 14
39 282
39 283
39 763
39 1
39 331
40 283
40 763
40 1
40 331
41 75
41 8
41 43
41 76
41 1365
42 1365
42 15
42 17
43 282
43 283
43 763
43 1
43 331
44 8
44 43
44 76
44 1365
45 15
45 17
45 677
45 805
45 16
45 18
45 678
46 307
46 520
46 521
46 1365
47 1
47 331
47 332
47 1365
47 0
48 46
48 48
48 457
48 1199
49 216
49 281
49 1047
49 215
50 307
50 520
50 521
50 1365
51 763
51 1
51 331
51 332
52 331
52 332
52 1365
52 0
53 59
53 318
53 319
53 1104
54 1365
54 120
54 170
54 171
55 249
55 251
55 607
55 669
56 1
56 331
56 332
56 1365
56 0
56 5
56 762
57 332
57 1365
57 0
57 5
57 762
58 383
58 1365
58 120
58 170
58 171
59 1365
59 120
59 170
59 171
59 146
60 331
60 332
60 1365
60 0
61 1365
61 0
61 5
61 762
62 383
62 1365
62 120
62 170
63 120
63 170
63 171
63 146
63 183
64 1
64 3
64 14
64 762
65 3
65 14
65 762
65 763
66 332
66 1365
66 0
66 5
67 24
67 71
67 955
67 23
68 1365
68 60
68 62
68 107
69 166
69 932
69 65
69 165
70 932
70 65
70 165
70 167
71 65
71 165
71 167
71 1187
72 5
72 762
72 763
72 1177
73 453
73 454
73 573
73 103
74 454
74 573
74 103
74 105
75 307
75 520
75 521
75 1365
75 306
76 0
76 5
76 762
76 763
77 762
77 763
77 1177
77 1209
78 148
78 175
78 954
78 1265
79 175
79 432
79 1365
79 178
80 5
80 762
80 763
80 1177
80 1209
81 763
81 1177
81 1209
81 5
81 1177
82 175
82 954
82 1265
82 1327
82 147
83 432
83 1365
83 178
83 394
83 466
84 762
84 763
84 1177
84 1209
85 1177
85 1209
85 5
85 1177
86 954
86 1265
86 1327
86 147
87 949
87 32
87 39
87 138
87 160
88 763
88 1177
88 1209
88 5
89 1209
89 5
89 1177
89 1338
90 1265
90 1327
90 147
90 176
90 433
91 1365
91 178
91 394
91 466
91 1365
91 177
91 179
91 395
91 832
92 1177
92 1209
92 5
92 1177
92 1338
93 5
93 1177
93 1338
93 1365
94 1177
94 1338
94 1365
94 3
95 761
95 762
95 16
95 469
96 1365
96 89
96 91
96 348
97 89
97 91
97 348
97 1290
97 1365
98 1327
98 147
98 176
98 433
99 1165
99 1182
99 160
99 162
99 1043
100 1209
100 5
100 1177
100 1338
101 1177
101 1338
101 1365
101 3
102 761
102 762
102 16
102 469
103 762
103 16
103 469
103 470
103 1365
104 468
104 469
104 1365
105 1105
105 1163
105 1365
105 51
105 199
106 452
106 770
106 1255
106 1365
107 1209
107 5
107 1177
107 1338
108 5
108 1177
108 1338
108 1365
108 3
109 1338
109 1365
109 3
109 4
109 1177
110 348
110 1290
110 1365
110 90
110 92
111 1290
111 1365
111 90
111 92
112 143
112 873
112 874
112 142
113 1165
113 1182
113 160
113 162
113 1043
113 1044
113 161
114 209
114 211
114 326
114 327
114 427
115 1177
115 1338
115 1365
116 1365
116 3
116 4
116 1177
116 1198
117 762
117 16
117 469
117 470
118 636
118 210
118 293
118 294
118 1365
119 1338
119 1365
119 3
119 4
120 3
120 4
120 1177
120 1198
120 7
121 16
121 469
121 470
121 1365
122 676
122 1176
122 96
122 98
123 1365
123 3
123 4
123 1177
123 1198
124 469
124 470
124 1365
124 15
125 207
125 209
125 424
125 425
125 208
126 307
126 520
126 521
126 1365
127 1177
127 1198
127 7
127 357
128 357
128 358
128 359
128 1066
128 1365
128 6
129 629
129 630
129 953
129 222
129 431
130 230
130 232
130 400
130 401
130 643
130 146
131 4
131 1177
131 1198
131 7
131 357
132 1198
132 7
132 357
132 358
132 359
132 1066
133 630
133 953
133 222
133 431
133 631
134 232
134 400
134 401
134 643
135 1177
135 1198
135 7
135 357
135 358
136 7
136 357
136 358
136 359
136 1066
136 1365
137 953
137 222
137 431
137 631
137 1294
137 1365
138 400
138 401
138 643
138 146
138 173
138 231
139 1198
139 7
139 357
139 358
140 488
140 93
140 190
140 192
141 93
141 190
141 192
141 488
142 307
142 520
142 521
142 1365
143 4
143 1177
143 1198
143 7
144 358
144 359
144 1066
144 1365
144 6
145 605
145 668
145 248
145 250
145 606
145 668
146 357
146 358
146 359
146 1066
146 1365
146 6
147 359
147 1066
147 1365
147 6
147 8
147 41
148 642
148 230
148 232
148 400
149 230
149 232
149 400
149 401
150 631
150 1365
150 234
150 297
151 358
151 359
151 1066
151 1365
151 6
151 8
151 41
151 1066
152 7
152 9
152 42
152 75
153 1365
153 33
153 35
153 527
154 773
154 1365
154 240
154 242
155 234
155 260
155 1365
155 78
156 1365
156 6
156 8
156 41
157 117
157 1197
157 116
157 118
157 281
158 1134
158 1135
158 1347
158 214
158 216
159 307
159 520
159 521
159 1365
159 306
160 1066
160 1365
160 6
160 8
161 6
161 8
161 41
161 1066
162 114
162 115
162 117
162 1197
163 115
163 117
163 1197
163 116
164 1365
164 6
164 8
164 41
164 1066
165 8
165 41
165 1066
165 7
166 1034
166 1035
166 195
166 197
167 665
167 773
167 1365
168 6
168 8
168 41
168 1066
168 7
169 41
169 1066
169 7
169 9
169 42
170 172
170 356
170 43
170 120
170 384
171 94
171 123
171 191
171 302
172 123
172 191
172 302
173 8
173 41
173 1066
173 7
173 9
173 42
174 1066
174 7
174 9
175 172
175 356
175 43
175 120
176 356
176 43
176 120
176 384
177 41
177 1066
177 7
177 9
178 7
178 9
178 42
178 75
179 31
179 1121
179 30
179 32
180 68
180 266
180 328
180 1365
181 356
181 43
181 120
181 384
182 359
182 1066
182 1365
182 6
183 1066
183 7
183 9
183 42
184 1043
184 28
184 866
184 867
185 1121
185 30
185 32
185 1040
186 1365
186 33
186 35
186 527
187 773
187 1365
187 240
187 242
187 598
188 42
188 75
188 8
188 43
188 76
188 1365
188 11
188 220
189 78
189 255
189 360
190 252
190 600
190 601
191 307
191 520
191 521
191 1365
191 306
192 14
192 282
192 283
192 763
193 9
193 42
193 75
193 8
194 75
194 8
194 43
194 76
195 359
195 78
195 255
195 360
196 78
196 255
196 360
196 1234
197 282
197 283
197 763
197 1
198 42
198 75
198 8
198 43
199 8
199 43
199 76
199 1365
200 283
200 763
200 1
200 331
201 75
201 8
201 43
201 76
201 1365
201 11
202 72
202 439
202 24
202 73
202 941
203 359
203 78
203 255
203 360
203 1234
203 81
203 430
204 307
204 520
204 521
205 76
205 1365
205 11
205 220
205 974
206 687
206 272
206 274
207 590
207 978
207 1000
207 1297
208 307
208 520
208 521
208 1365
209 43
209 76
209 1365
209 11
209 220
210 1365
210 11
210 220
210 974
210 1365
210 10
211 253
211 670
211 799
211 1340
212 212
212 267
212 876
212 1170
213 267
213 876
213 1170
213 212
214 272
214 274
214 382
214 749
214 977
215 307
215 520
215 521
215 1365
216 76
216 1365
216 11
216 220
216 974
217 11
217 220
217 974
218 876
218 1170
218 212
218 218
219 307
219 520
219 521
220 1365
220 11
220 220
220 974
220 1365
221 220
221 974
221 1365
221 10
222 1192
222 1227
222 100
222 102
222 1094
222 1098
222 101
223 268
223 875
223 1181
223 212
223 267
224 307
224 520
224 521
224 1365
225 11
225 220
225 974
225 1365
226 974
226 1365
226 10
226 12
227 138
227 145
227 159
227 1087
228 307
228 520
228 521
228 1365
229 220
229 974
229 1365
229 10
230 1365
230 10
230 12
230 270
231 1006
231 1042
231 27
231 29
231 1007
232 307
232 520
232 521
232 1365
232 306
232 308
233 974
233 1365
233 10
233 12
233 270
233 787
233 1127
234 10
234 12
234 270
234 787
235 991
235 156
235 158
235 681
236 307
236 520
236 521
236 1365
237 1365
237 10
237 12
237 270
237 787
238 12
238 270
238 787
238 1127
239 41
239 43
239 9
239 42
240 307
240 520
240 521
240 1365
240 306
241 10
241 12
241 270
241 787
242 270
242 787
242 1127
242 11
243 43
243 9
243 42
243 121
243 356
243 1365
244 991
244 156
244 158
244 681
245 12
245 270
245 787
245 1127
246 787
246 1127
246 11
246 13
247 1006
247 1042
247 27
247 29
248 9
248 42
248 121
248 356
249 270
249 787
249 1127
249 11
250 1127
250 11
250 13
250 786
251 1042
251 27
251 29
251 1007
252 42
252 121
252 356
252 1365
252 45
253 787
253 1127
253 11
253 13
254 11
254 13
254 786
255 27
255 29
255 1007
255 1043
256 286
256 288
256 1211
256 287
257 1127
257 11
257 13
257 786
258 13
258 786
258 787
258 12
259 29
259 1007
259 1043
259 28
260 42
260 121
260 356
260 1365
260 45
261 121
261 356
261 1365
261 45
261 1224
261 1232
262 20
262 21
262 682
262 703
263 1156
263 238
263 299
263 301
264 11
264 13
264 786
264 787
265 786
265 787
265 12
265 14
266 1007
266 1043
266 28
266 866
267 702
267 1263
267 1281
267 153
268 646
268 124
268 193
268 304
269 13
269 786
269 787
269 12
270 787
270 12
270 14
270 786
270 788
270 0
270 1
271 328
271 1365
271 20
271 21
272 1365
272 20
272 21
272 682
273 602
273 666
273 1365
273 244
273 246
274 786
274 787
274 12
274 14
274 786
274 788
275 17
275 19
275 679
275 731
276 68
276 264
276 266
276 1047
277 276
277 590
277 591
277 275
278 307
278 520
278 521
278 1365
278 306
279 14
279 786
279 788
279 0
280 1258
280 20
280 21
280 23
280 408
281 1135
281 1347
281 214
281 216
281 281
281 1047
282 307
282 520
282 521
282 1365
283 12
283 14
283 786
284 786
284 788
284 0
284 1
285 20
285 21
285 23
285 408
286 241
286 597
286 665
287 14
287 786
287 788
288 788
288 0
288 1
288 13
289 21
289 23
289 408
289 409
290 191
290 302
290 123
290 194
291 786
291 788
291 0
291 1
292 0
292 1
292 13
292 116
293 36
293 886
293 1086
293 35
294 43
294 120
294 384
294 1365
295 676
295 123
295 125
295 303
296 788
296 0
296 1
296 13
297 1
297 13
297 116
297 282
297 760
298 23
298 408
298 409
298 652
298 739
298 950
299 36
299 886
299 1086
299 35
300 0
300 1
300 13
300 116
301 13
301 116
301 282
301 760
302 408
302 409
302 652
302 739
303 886
303 1086
303 35
303 37
303 547
303 872
304 1
304 13
305 116
305 282
305 760
305 761
305 762
306 1086
306 35
306 37
306 547
307 1339
307 56
307 58
307 137
308 13
308 116
308 282
308 760
309 282
309 760
309 761
309 762
310 34
310 36
310 886
310 1086
310 35
311 56
311 58
311 137
311 699
312 116
312 282
312 760
312 761
313 760
313 761
313 762
313 16
314 58
314 137
314 699
314 1351
315 146
315 173
315 231
315 233
316 282
316 760
316 761
316 762
317 137
317 699
317 1351
317 57
318 24
318 71
318 73
318 438
319 307
319 520
319 521
319 1365
320 1209
320 5
320 1177
320 1338
321 5
321 1177
321 1338
321 1365
322 147
322 176
322 433
322 1365
323 468
323 469
323 1365
323 152
324 5
324 1177
324 1338
324 1365
325 1338
325 1365
325 3
325 4
326 16
326 469
326 470
326 1365
326 15
327 1105
327 1163
327 1365
327 51
328 1365
328 3
328 4
328 1177
329 762
329 16
329 469
329 470
330 469
330 470
330 1365
330 15
331 97
331 676
331 1176
331 96
332 3
332 4
332 1177
332 1198
332 7
333 16
333 469
333 470
333 1365
334 1163
334 1365
334 51
334 199
335 307
335 520
335 521
335 1365
336 1365
336 15
336 17
336 677
337 1286
337 55
337 57
337 136
338 1234
338 81
338 430
338 917
339 1000
339 1297
339 274
339 276
340 282
340 283
340 763
340 1
341 470
341 1365
341 15
341 17
342 15
342 17
342 677
342 805
343 55
343 57
343 136
343 201
343 202
343 320
344 1242
344 235
344 237
344 1067
345 283
345 763
345 1
345 331
346 1365
346 15
346 17
346 677
347 57
347 136
347 201
347 202
348 307
348 520
348 521
348 1365
348 306
348 308
349 677
349 805
349 16
349 18
350 136
350 201
350 202
350 320
350 1339
350 56
351 1365
351 240
351 242
352 307
352 520
352 521
352 1365
352 306
353 17
353 677
353 805
353 16
354 805
354 16
354 18
354 678
354 806
355 201
355 202
355 320
355 1339
356 360
356 1234
356 81
356 430
357 677
357 805
357 16
357 18
358 135
358 1286
358 55
358 57
358 136
359 1234
359 81
359 430
359 917
359 1235
359 1365
360 1000
360 1297
360 274
360 276
361 18
361 678
361 806
361 17
361 19
361 679
361 731
362 95
362 192
362 1365
363 321
363 1107
363 202
363 204
363 261
364 1297
364 274
364 276
365 307
365 520
365 521
365 1365
366 16
366 18
366 678
366 806
366 17
367 678
367 806
367 17
367 19
368 28
368 1006
368 1042
368 27
369 95
369 192
369 1365
369 94
370 307
370 520
370 521
370 1365
370 306
371 18
371 678
371 806
372 806
372 17
372 19
372 679
372 731
373 28
373 1006
373 1042
373 27
374 274
374 276
374 590
374 591
375 307
375 520
375 521
375 1365
376 678
376 806
376 17
376 19
377 17
377 19
377 679
377 731
377 18
378 266
378 328
378 1365
378 20
379 274
379 276
379 590
379 591
380 307
380 520
380 521
380 1365
381 787
381 12
381 14
381 786
382 806
382 17
382 19
382 679
383 328
383 1365
383 20
383 21
383 682
384 307
384 520
384 521
384 1365
384 306
385 679
385 731
385 18
385 20
386 299
386 1068
386 1154
386 237
387 241
387 243
387 850
387 1115
388 307
388 520
388 521
388 1365
389 19
389 679
389 731
389 18
389 20
389 680
390 731
390 18
390 20
390 680
391 149
391 173
391 174
391 232
392 307
392 520
392 521
392 1365
393 679
393 731
393 18
394 18
394 20
394 680
394 807
394 19
395 174
395 232
395 233
395 146
395 148
396 325
396 1107
396 211
396 262
397 307
397 520
397 521
397 1365
398 731
398 18
398 20
398 680
398 807
399 20
399 680
399 807
400 232
400 233
400 146
400 148
400 175
400 954
401 307
401 520
401 521
401 1365
402 18
402 20
402 680
402 807
403 680
403 807
403 19
403 21
404 233
404 146
404 148
405 307
405 520
405 521
405 1365
405 306
406 20
406 680
406 807
407 807
407 19
407 21
407 22
408 1365
408 78
408 259
408 1088
408 1365
408 77
408 79
408 260
409 335
409 1355
409 1365
409 290
410 307
410 520
410 521
410 1365
410 306
411 680
411 807
411 19
411 21
411 22
411 70
411 405
411 406
411 681
412 19
412 21
412 22
412 70
412 405
412 406
413 108
413 1180
413 62
413 107
413 109
414 1180
414 62
414 107
414 109
414 561
415 62
415 107
415 109
415 561
415 875
415 64
415 108
415 110
416 257
416 1154
416 75
416 256
417 662
417 795
417 1245
417 278
417 280
418 335
418 1355
418 1365
418 290
418 322
419 307
419 520
419 521
419 1365
419 306
419 308
420 807
420 19
420 21
420 22
421 21
421 22
421 70
421 405
422 1132
422 1365
422 7
422 40
423 1035
423 1036
423 1058
424 307
424 520
424 521
424 1365
424 306
425 19
425 21
425 22
425 70
425 405
426 22
426 70
426 405
426 406
427 1365
427 7
427 40
427 42
428 307
428 520
428 521
428 1365
429 21
429 22
429 70
429 405
430 70
430 405
430 406
430 681
431 7
431 40
431 42
431 356
431 357
432 307
432 520
432 521
432 1365
433 22
433 70
433 405
433 406
434 405
434 406
434 681
434 739
434 20
434 22
434 70
435 439
435 24
436 24
436 73
436 941
436 1365
437 70
437 405
437 406
437 681
438 406
438 681
438 739
438 20
439 146
439 148
439 175
439 954
440 327
440 1247
440 261
440 293
440 1108
441 405
441 406
441 681
441 739
441 20
442 681
442 739
442 20
443 850
443 1115
443 242
443 253
443 254
443 670
443 774
443 851
443 245
444 1115
444 242
444 253
444 254
444 670
445 1134
445 68
445 264
445 266
445 1047
446 406
446 681
446 739
446 20
447 739
447 20
447 22
447 70
447 71
448 242
448 253
448 254
448 670
449 687
449 272
449 274
449 382
450 681
450 739
450 20
450 22
450 70
450 71
450 703
450 893
450 1258
451 20
451 22
451 70
452 243
452 850
452 1115
452 242
453 670
453 799
453 1340
453 243
453 252
454 272
454 274
454 382
454 749
455 739
455 20
455 22
455 70
455 71
456 22
456 70
456 71
456 703
457 266
457 1047
457 69
458 382
458 749
458 977
458 273
459 20
459 22
459 70
459 71
460 70
460 71
460 703
460 893
461 243
461 850
461 1115
461 242
462 253
462 254
462 670
462 774
462 851
463 22
463 70
463 71
463 703
464 71
464 703
464 893
464 1258
465 27
465 30
465 1005
465 1041
466 30
466 1005
466 1041
466 26
467 70
467 71
467 703
467 893
468 703
468 893
468 1258
468 20
469 1137
469 1225
469 99
469 101
470 1225
470 99
470 101
470 1192
471 572
471 1094
471 102
471 126
472 71
472 703
472 893
472 1258
473 893
473 1258
473 20
473 21
474 99
474 101
474 1192
474 1227
475 703
475 893
475 1258
475 20
476 101
476 1192
476 1227
476 100
477 572
477 1094
477 102
477 126
478 641
478 229
478 231
478 400
479 307
479 520
479 521
479 1365
480 12
480 14
480 786
480 788
481 20
481 21
481 23
481 408
481 409
481 652
482 1347
482 214
482 216
482 281
483 307
483 520
483 521
483 1365
483 306
483 308
483 838
484 14
484 786
484 788
484 0
484 1
484 13
484 116
484 282
485 1258
485 20
485 21
485 23
486 21
486 23
486 408
486 409
487 1108
487 1365
487 66
487 110
488 786
488 788
488 0
488 1
488 13
489 20
489 21
489 23
489 408
489 409
490 23
490 408
490 409
490 652
491 676
491 123
491 125
492 302
492 123
492 194
492 302
493 0
493 1
493 13
493 116
494 21
494 23
494 408
494 409
495 408
495 409
495 652
495 739
496 699
496 1351
496 57
496 59
496 318
497 676
497 123
497 125
497 303
498 1
498 13
498 116
499 23
499 408
499 409
499 652
499 739
500 409
500 652
500 739
500 950
500 22
501 1339
501 56
501 58
501 137
502 1365
502 66
502 110
502 264
503 408
503 409
503 652
503 739
504 652
504 739
504 950
504 22
504 24
505 259
505 1243
505 1312
505 203
506 1365
506 66
506 110
506 264
506 1169
507 409
507 652
507 739
507 950
508 739
508 950
508 22
508 24
509 1243
509 1312
509 203
509 262
509 321
510 1365
510 234
510 297
510 1089
511 652
511 739
511 950
511 22
512 950
512 22
512 24
512 71
513 1203
513 1225
513 1365
514 1225
514 1365
514 45
514 47
514 1204
515 251
515 253
515 670
515 799
516 259
516 1243
516 1312
516 203
517 1365
517 192
517 193
517 570
518 739
518 950
518 22
518 24
519 22
519 24
519 71
519 955
519 23
520 24
520 71
520 955
520 23
521 1365
521 138
521 145
521 164
521 1045
521 67
522 1365
522 109
522 268
522 875
522 1181
523 950
523 22
523 24
523 71
524 24
524 71
524 955
524 23
525 166
525 932
525 65
525 165
526 1365
526 0
526 5
526 762
527 950
527 22
527 24
527 71
528 22
528 24
528 71
529 71
529 955
529 23
529 25
530 1365
530 109
530 268
530 875
530 1181
531 24
531 71
531 955
531 23
531 25
532 955
532 23
532 25
532 72
533 971
533 1365
533 60
533 62
534 1365
534 60
534 62
534 107
535 71
535 955
535 23
535 25
536 73
536 438
536 25
536 72
537 438
537 25
537 72
537 894
537 1365
537 75
538 1314
538 237
538 298
538 300
539 307
539 520
539 521
539 1365
539 306
540 25
540 72
540 439
540 24
541 872
541 873
541 36
541 38
542 252
542 600
542 601
542 251
543 307
543 520
543 521
543 1365
544 23
544 25
544 72
544 439
545 72
545 439
545 24
545 73
545 941
546 547
546 872
546 873
546 36
547 873
547 36
547 38
547 547
547 548
548 359
548 78
548 255
548 360
549 8
549 43
549 76
549 1365
550 25
550 72
550 439
550 24
551 1365
551 86
551 1073
551 1093
552 307
552 520
552 521
552 1365
553 70
553 405
553 406
553 681
554 327
554 1247
554 261
554 293
555 1058
555 1365
555 307
555 520
556 307
556 520
556 521
556 1365
557 70
557 405
557 406
557 681
557 739
557 20
558 73
558 941
558 1365
558 27
559 7
559 40
559 42
559 356
560 40
560 42
560 356
560 357
561 146
561 148
561 175
562 24
562 73
562 941
562 1365
563 941
563 1365
563 27
564 166
564 65
564 67
564 167
565 850
565 1115
565 242
565 253
566 73
566 941
566 1365
566 27
567 1365
567 27
567 30
567 1005
568 65
568 67
568 167
568 263
568 66
569 1115
569 242
569 253
569 254
570 242
570 253
570 254
570 670
570 774
571 941
571 1365
571 27
572 27
572 30
572 1005
572 1041
573 127
573 572
573 1094
573 102
574 243
574 850
574 1115
574 242
575 70
575 71
575 703
575 893
575 1258
575 20
575 21
576 1365
576 27
576 30
576 1005
577 572
577 1094
577 102
577 126
578 243
578 850
578 1115
578 242
579 70
579 71
579 703
579 893
580 1005
580 1041
580 26
580 28
580 1006
581 1137
581 1225
581 99
581 101
582 1098
582 101
582 103
582 127
583 253
583 254
583 670
584 1246
584 1314
584 237
584 298
584 300
585 30
585 1005
585 1041
585 26
585 28
585 1006
586 1041
586 26
586 28
586 1006
587 1098
587 101
587 103
587 127
588 1094
588 102
588 126
588 573
589 211
589 295
589 427
589 1365
590 1005
590 1041
590 26
590 28
591 26
591 28
591 1006
591 1042
592 41
592 357
592 1132
592 1365
593 357
593 1132
593 1365
593 7
594 590
594 591
594 275
594 277
594 1002
595 193
595 304
595 305
595 571
595 572
596 1041
596 26
596 28
596 1006
596 1042
596 27
596 29
596 1007
597 28
597 1006
597 1042
597 27
597 29
597 1007
598 357
598 1132
598 1365
598 7
598 40
598 42
599 1094
599 102
599 126
599 573
599 1094
600 680
600 991
600 156
600 158
601 18
601 678
601 806
601 17
601 19
602 678
602 806
602 17
602 19
602 679
603 26
603 28
603 1006
603 1042
604 266
604 328
604 1365
604 20
604 21
605 95
605 192
605 1365
605 94
606 140
606 142
606 886
606 1084
607 974
607 1365
607 10
607 12
607 270
608 270
608 787
608 1127
608 11
608 13
609 1042
609 27
609 29
609 1007
610 138
610 145
610 159
610 1087
611 991
611 156
611 158
611 681
611 985
612 787
612 1127
612 11
612 13
612 786
613 1006
613 1042
613 27
613 29
614 27
614 29
614 1007
614 1043
615 145
615 159
615 1087
615 41
616 1127
616 11
616 13
617 1042
617 27
617 29
617 1007
618 29
618 1007
618 1043
618 28
619 159
619 1087
619 41
619 357
620 1246
620 299
620 1068
620 1069
621 11
621 13
621 786
622 27
622 29
622 1007
622 1043
623 1007
623 1043
623 28
623 866
624 1087
624 41
624 357
624 1132
625 41
625 357
625 1132
625 1365
626 304
626 305
626 571
626 572
627 13
627 786
627 787
627 12
627 14
628 29
628 1007
628 1043
628 28
628 866
629 41
629 357
629 1132
629 1365
630 434
630 682
630 702
630 1263
631 590
631 591
631 275
631 277
632 193
632 304
632 305
632 571
633 7
633 9
633 42
633 75
634 28
634 866
634 867
634 1365
635 1365
635 33
635 35
635 527
636 528
636 34
636 36
636 886
637 66
637 110
637 264
637 1169
638 591
638 275
638 277
638 1002
639 1043
639 28
639 866
639 867
640 401
640 643
640 146
640 173
641 643
641 146
641 173
641 231
642 307
642 520
642 521
642 1365
643 867
643 1365
643 26
643 31
644 117
644 1197
644 116
644 118
645 1135
645 1347
645 214
646 307
646 520
646 521
647 866
647 867
647 1365
647 26
647 31
648 1365
648 26
648 31
648 1121
649 1034
649 1035
649 195
649 197
650 241
650 597
650 665
650 773
651 867
651 1365
651 26
651 31
652 26
652 31
652 1121
653 123
653 191
653 302
654 191
654 302
654 123
654 194
655 1365
655 26
655 31
655 1121
655 30
656 31
656 1121
656 30
657 356
657 43
657 120
657 384
657 1365
657 95
658 43
658 120
658 384
658 1365
659 1066
659 7
659 9
659 42
659 75
659 8
660 26
660 31
660 1121
660 30
660 32
661 1121
661 30
661 32
661 1040
661 1041
662 424
662 1110
662 205
662 207
663 1211
663 287
663 335
663 1355
663 1365
664 7
664 9
664 42
664 75
664 8
664 43
664 76
664 1365
664 11
664 220
665 31
665 1121
665 30
666 528
666 34
666 36
666 886
666 1086
667 263
667 265
667 1134
667 68
667 264
668 591
668 275
668 277
668 1002
668 1126
668 276
669 1211
669 287
669 335
669 1355
670 32
670 1040
670 1041
670 1319
670 31
671 1041
671 1319
671 31
672 36
672 38
672 547
672 548
672 37
672 39
673 38
673 547
673 548
673 37
674 1365
674 49
674 51
674 721
675 49
675 51
675 721
675 1365
676 30
676 32
676 1040
677 1040
677 1041
677 1319
677 31
678 547
678 548
678 37
678 39
679 427
679 636
679 210
679 293
680 330
680 1135
680 1197
680 1
681 1068
681 1150
681 1246
681 299
682 32
682 1040
682 1041
682 1319
682 31
683 548
683 37
683 39
683 144
683 316
683 548
683 32
684 94
684 96
684 122
684 123
685 307
685 520
685 521
686 30
686 32
686 1040
686 1041
687 1319
687 31
687 39
687 159
688 133
688 185
688 457
688 134
689 330
689 1135
689 1197
689 1
690 1041
690 1319
690 31
690 39
691 31
691 39
691 159
691 1087
691 1164
692 1292
692 209
692 211
692 326
693 1068
693 1150
693 1246
693 299
694 1319
694 31
694 39
694 159
694 1087
695 970
695 1365
695 33
695 35
696 1365
696 89
696 91
696 348
696 1290
697 96
697 122
697 123
697 95
698 147
698 176
698 433
698 1365
699 153
699 468
699 469
699 1365
700 215
700 216
700 330
700 1135
701 334
701 1211
701 285
702 159
702 1087
702 1164
702 34
703 104
703 453
703 454
703 573
704 453
704 454
704 573
704 103
705 307
705 520
705 521
706 39
706 159
706 1087
707 1087
707 1164
707 34
707 529
708 148
708 175
708 954
709 218
709 221
709 270
709 10
710 159
710 1087
710 1164
710 34
711 1164
711 34
711 529
711 970
712 175
712 954
712 1265
712 1327
713 221
713 270
713 10
713 221
714 1087
714 1164
714 34
714 529
715 34
715 529
715 970
715 1365
716 954
716 1265
716 1327
716 147
717 405
717 949
717 32
717 39
718 1164
718 34
718 529
718 970
719 529
719 970
719 1365
719 33
720 1265
720 1327
720 147
720 176
721 270
721 10
721 221
722 34
722 529
722 970
722 1365
723 970
723 1365
723 33
723 35
724 1327
724 147
724 176
724 433
725 217
725 219
725 269
725 747
726 10
726 221
726 746
726 1127
727 31
727 39
727 159
727 1087
728 529
728 970
728 1365
728 33
729 675
729 1365
729 89
729 91
730 1365
730 89
730 91
730 348
731 1292
731 209
731 211
731 326
732 359
732 1066
732 1365
732 6
733 7
733 9
733 42
733 75
734 1043
734 28
734 866
734 867
735 33
735 35
735 527
735 528
736 234
736 260
736 1365
736 78
737 1365
737 33
737 35
737 527
738 35
738 527
738 528
738 34
739 260
739 1365
739 78
739 235
740 66
740 110
740 264
741 33
741 35
741 527
741 528
741 34
742 527
742 528
742 34
743 400
743 401
743 643
743 146
744 401
744 643
744 146
744 173
745 35
745 527
745 528
745 34
746 93
746 190
746 192
746 488
747 190
747 192
747 488
747 646
748 307
748 520
748 521
748 1365
749 1043
749 28
749 866
749 867
750 1121
750 30
750 32
750 1040
751 34
751 36
751 886
751 1086
752 643
752 146
752 173
752 231
753 116
753 282
753 760
753 761
754 528
754 34
754 36
754 886
755 1086
755 35
755 37
755 547
755 872
756 146
756 173
756 231
756 233
757 263
757 265
757 1134
757 68
757 264
758 788
758 0
759 0
759 1
759 13
759 116
760 886
760 1086
760 35
760 37
761 424
761 1110
761 205
762 1
762 13
762 116
762 282
763 36
763 886
763 1086
763 35
764 1086
764 35
765 263
765 265
765 1134
765 68
766 13
766 116
766 282
766 760
767 34
767 36
767 886
767 1086
768 886
768 1086
768 35
768 37
768 547
769 37
769 547
769 872
769 873
770 79
770 260
770 359
770 78
771 260
771 359
771 78
771 255
772 1365
772 86
772 1073
772 1093
773 307
773 520
773 521
773 1365
773 306
773 308
774 35
774 37
774 547
774 872
775 547
775 872
775 873
775 36
776 260
776 359
776 78
776 255
777 1365
777 86
777 1073
777 1093
777 1365
777 85
778 231
778 400
778 642
778 230
779 25
779 72
779 439
779 24
779 73
780 37
780 547
780 872
780 873
781 873
781 36
781 38
781 547
781 548
782 318
782 1365
782 86
782 1073
783 1365
783 86
783 1073
783 1093
784 23
784 25
784 72
784 439
784 24
785 873
785 36
785 38
785 547
786 318
786 1365
786 86
786 1073
786 1093
787 307
787 520
787 521
787 1365
787 306
788 25
788 72
788 439
788 24
788 73
789 547
789 872
789 873
789 36
789 38
789 547
790 872
790 873
790 36
791 30
791 32
791 1040
792 38
792 138
792 145
792 159
793 1365
793 49
793 51
794 1365
794 88
794 90
794 675
795 88
795 90
795 675
795 1365
796 133
796 185
796 457
796 134
797 30
797 32
797 1040
797 1041
798 547
798 548
798 37
798 39
799 1281
799 153
799 468
799 469
799 1365
800 32
800 1040
800 1041
800 1319
801 38
801 547
801 548
801 37
802 548
802 37
802 39
802 144
803 327
803 427
803 636
803 210
803 293
804 1040
804 1041
804 1319
804 31
804 39
805 547
805 548
805 37
805 39
806 1365
806 94
806 96
806 122
807 307
807 520
807 521
807 1365
808 39
808 144
808 316
808 548
809 88
809 673
809 1307
809 1365
810 128
810 102
810 104
810 453
811 307
811 520
811 521
811 1365
812 37
812 39
812 144
812 316
813 144
813 316
813 548
813 32
814 673
814 1307
814 1365
814 87
815 173
815 182
815 400
815 836
816 39
816 144
816 316
816 548
817 316
817 548
817 32
817 38
818 1307
818 1365
818 87
818 89
819 182
819 400
819 836
819 48
820 144
820 316
820 548
820 32
821 548
821 32
821 38
821 138
822 1365
822 87
822 89
822 674
823 157
823 404
823 405
823 949
824 316
824 548
824 32
824 38
825 32
825 38
825 138
825 145
826 87
826 89
826 674
826 1365
827 400
827 836
827 48
827 133
827 185
827 457
828 548
828 32
828 38
828 138
829 38
829 138
829 145
829 159
830 89
830 674
830 1365
830 88
830 90
831 836
831 48
831 133
831 185
832 36
832 38
832 547
832 548
833 32
833 38
833 138
833 145
834 674
834 1365
834 88
834 90
835 48
835 133
835 185
835 457
836 220
836 974
836 1365
836 10
837 1006
837 1042
837 27
837 29
838 145
838 159
838 1087
838 41
839 1192
839 1227
839 100
839 102
840 1042
840 27
840 29
840 1007
841 138
841 145
841 159
841 1087
842 159
842 1087
842 41
842 357
843 1227
843 100
843 102
843 1094
844 27
844 29
844 1007
844 1043
844 28
845 145
845 159
845 1087
845 41
846 1087
846 41
846 357
846 1132
846 1365
847 100
847 102
847 1094
847 1098
848 29
848 1007
848 1043
848 28
849 159
849 1087
849 41
849 357
850 41
850 357
850 1132
850 1365
851 102
851 1094
851 1098
851 101
852 1246
852 299
852 1068
852 1069
853 1041
853 26
853 28
853 1006
854 29
854 1007
854 1043
854 28
855 1007
855 1043
855 28
855 866
856 1087
856 41
856 357
856 1132
857 1094
857 1098
857 101
857 103
857 127
858 1098
858 101
858 103
858 127
859 211
859 295
859 427
859 1365
860 304
860 305
860 571
860 572
861 1041
861 26
861 28
861 1006
862 26
862 28
862 1006
862 1042
863 434
863 682
863 702
863 1263
864 19
864 21
864 22
864 70
865 1365
865 7
865 40
865 42
866 62
866 107
866 109
866 561
867 21
867 22
867 70
867 405
868 1132
868 1365
868 7
868 40
869 7
869 40
869 42
869 356
870 62
870 107
870 109
870 561
870 875
871 1365
871 140
871 142
871 886
872 22
872 70
872 405
872 406
873 24
873 73
873 941
873 1365
874 1365
874 7
874 40
874 42
875 110
875 166
875 65
875 67
876 24
876 73
876 941
876 1365
877 42
877 356
877 357
877 8
878 110
878 166
878 65
878 67
879 166
879 65
879 67
879 167
880 40
880 42
880 356
880 357
881 356
881 357
881 8
881 41
882 1097
882 125
882 127
882 572
883 125
883 127
883 572
883 1094
884 42
884 356
884 357
884 8
884 41
885 357
885 8
885 41
885 43
886 230
886 398
886 641
886 229
887 398
887 641
887 229
887 231
888 356
888 357
888 8
888 41
889 8
889 41
889 43
889 9
890 628
890 645
890 701
890 259
891 645
891 701
891 259
891 296
892 357
892 8
892 41
892 43
893 666
893 1365
893 244
893 246
894 77
894 234
894 260
894 1365
895 307
895 520
895 521
895 1365
896 10
896 12
896 270
896 787
897 43
897 9
897 42
897 121
897 356
898 86
898 1073
898 1093
898 1365
899 307
899 520
899 521
899 1365
900 12
900 270
900 787
900 1127
900 11
901 41
901 43
901 9
901 42
902 9
902 42
902 121
903 156
903 158
903 681
903 985
904 270
904 787
904 1127
904 11
905 43
905 9
905 42
905 121
905 356
906 42
906 121
906 356
906 1365
907 1365
907 244
907 246
907 603
908 787
908 1127
908 11
908 13
909 11
909 13
909 786
909 787
909 12
910 9
910 42
910 121
910 356
911 121
911 356
911 1365
911 45
912 244
912 246
912 603
912 667
913 286
913 288
913 1211
913 287
914 11
914 13
914 786
914 787
914 12
914 14
915 42
915 121
915 356
915 1365
916 356
916 1365
916 45
916 1224
916 1232
917 21
917 682
917 703
917 21
918 244
918 246
918 603
918 667
918 245
919 121
919 356
919 1365
919 45
920 1365
920 45
920 1224
920 1232
921 202
921 320
921 1339
921 56
921 58
922 64
922 165
922 549
922 561
922 63
922 65
922 109
923 1365
923 92
923 94
924 1245
924 279
924 661
924 662
924 795
924 1245
925 279
925 661
925 662
925 795
926 356
926 1365
926 45
926 1224
927 45
927 1224
927 1232
927 1365
928 23
928 72
928 893
929 1365
929 45
929 1224
929 1232
929 1365
930 1224
930 1232
930 1365
930 44
931 1232
931 1365
931 44
931 46
932 1365
932 92
932 94
932 191
932 1365
933 667
933 245
933 247
933 604
933 790
934 45
934 1224
934 1232
934 1365
935 1232
935 1365
935 44
935 46
935 1136
936 208
936 940
936 207
936 209
937 45
937 1224
937 1232
937 1365
938 1224
938 1232
938 1365
938 44
939 1365
939 44
939 46
939 1136
940 940
940 207
940 209
940 424
941 1232
941 1365
941 44
941 46
942 44
942 46
942 1136
942 1202
943 1365
943 92
943 94
943 191
944 92
944 94
944 191
944 1365
945 1365
945 44
945 46
946 46
946 1136
946 1202
946 1203
947 94
947 191
947 1365
947 93
948 163
948 1182
948 1239
948 138
948 1044
949 1365
949 290
949 322
949 385
950 44
950 46
950 1136
950 1202
951 1136
951 1202
951 1203
951 1225
952 72
952 893
952 24
952 71
952 73
953 893
953 24
953 71
953 73
954 191
954 1365
954 93
954 95
955 163
955 1182
955 1239
955 138
955 1044
955 1045
956 46
956 1136
956 1202
956 1203
957 165
957 549
957 561
957 63
958 549
958 561
958 63
958 65
959 307
959 520
959 521
959 1365
960 1203
960 1225
960 1365
960 45
961 47
961 1204
961 1365
962 1351
962 57
962 59
962 318
963 57
963 59
963 318
963 319
964 739
964 950
964 22
964 24
965 1202
965 1203
965 1225
965 1365
966 1365
966 138
966 145
966 164
967 1243
967 1312
967 203
967 262
968 739
968 950
968 22
968 24
969 1365
969 45
969 47
969 1204
970 601
970 251
970 253
970 670
971 251
971 253
971 670
971 799
972 1365
972 192
972 193
972 570
972 646
973 1225
973 1365
973 45
973 47
974 45
974 47
974 1204
974 1365
975 971
975 1365
975 60
975 62
976 173
976 231
976 233
976 644
977 1365
977 45
977 47
977 1204
978 971
978 1365
978 60
978 62
979 71
979 73
979 438
979 25
980 73
980 438
980 25
980 72
981 307
981 520
981 521
981 1365
982 1202
982 1203
982 1225
982 1365
983 1204
983 1365
983 46
983 48
984 194
984 302
984 303
984 193
985 47
985 1204
985 1365
985 46
986 1365
986 46
986 48
986 457
987 57
987 59
987 318
987 319
987 1104
988 868
988 1365
988 138
988 145
989 1204
989 1365
989 46
989 48
990 48
990 457
990 1199
990 1365
991 59
991 318
991 319
991 1104
992 763
992 1
992 331
992 332
993 48
993 457
993 1199
994 867
994 868
994 1365
994 138
994 145
995 249
995 251
995 607
995 669
996 307
996 520
996 521
997 1365
997 46
997 48
997 457
998 46
998 48
998 457
998 1199
998 1365
999 59
999 318
999 319
999 1104
1000 868
1000 1365
1000 138
1000 145
1001 1199
1001 1365
1001 47
1001 49
1002 49
1002 51
1002 721
1002 1365
1003 192
1003 1365
1003 94
1003 96
1004 136
1004 188
1004 697
1005 188
1005 697
1005 1238
1005 1353
1006 697
1006 1238
1006 1353
1006 39
1007 327
1007 427
1007 636
1007 210
1008 457
1008 1199
1008 1365
1009 192
1009 1365
1009 94
1009 96
1010 1238
1010 1353
1010 39
1011 322
1011 385
1011 1365
1011 289
1012 307
1012 520
1012 521
1013 47
1013 49
1013 184
1013 1365
1014 88
1014 673
1014 1307
1015 127
1015 128
1015 102
1015 104
1016 307
1016 520
1016 521
1016 1365
1016 306
1017 1365
1017 47
1017 49
1017 184
1018 49
1018 184
1018 1365
1018 48
1019 1365
1019 86
1019 88
1020 86
1020 88
1020 673
1021 47
1021 49
1021 184
1021 1365
1022 184
1022 1365
1022 48
1022 50
1023 673
1023 1307
1023 1365
1023 87
1024 1239
1024 138
1024 1044
1024 1045
1025 49
1025 184
1025 1365
1025 48
1026 1365
1026 48
1026 50
1026 133
1027 1307
1027 1365
1027 87
1027 89
1028 138
1028 1044
1028 1045
1028 1365
1029 184
1029 1365
1029 48
1029 50
1030 48
1030 50
1030 133
1030 1365
1031 1365
1031 87
1031 89
1031 674
1032 1044
1032 1045
1032 1365
1032 141
1032 529
1033 1365
1033 48
1033 50
1033 133
1034 50
1034 133
1034 1365
1034 49
1035 87
1035 89
1035 674
1035 1365
1036 1045
1036 1365
1036 141
1036 529
1037 48
1037 50
1037 133
1037 1365
1038 133
1038 1365
1038 49
1038 51
1039 674
1039 1365
1039 88
1039 90
1040 1365
1040 141
1040 529
1040 971
1041 50
1041 133
1041 1365
1041 49
1042 1365
1042 49
1042 51
1042 721
1043 674
1043 1365
1043 88
1043 90
1043 675
1044 1365
1044 88
1044 90
1044 675
1045 141
1045 529
1045 971
1045 1365
1046 30
1046 32
1046 1040
1046 1041
1047 36
1047 38
1047 547
1047 548
1048 133
1048 1365
1048 49
1048 51
1049 49
1049 51
1049 721
1049 1365
1050 529
1050 971
1050 1365
1050 140
1050 142
1051 284
1051 286
1051 334
1051 1211
1052 30
1052 32
1052 1040
1052 1041
1052 1319
1052 31
1053 457
1053 1199
1053 1365
1053 47
1054 1365
1054 49
1054 51
1054 721
1054 1365
1055 57
1055 136
1055 188
1055 697
1056 136
1056 188
1056 697
1056 1238
1057 971
1057 1365
1057 140
1057 142
1058 1281
1058 153
1058 468
1059 136
1059 201
1059 202
1059 320
1060 63
1060 65
1060 109
1060 165
1061 1002
1061 1126
1061 276
1061 661
1062 307
1062 520
1062 521
1062 1365
1062 306
1063 1365
1063 50
1063 52
1064 201
1064 202
1064 320
1064 1339
1065 65
1065 109
1065 165
1065 64
1066 1002
1066 1126
1066 276
1066 661
1066 795
1067 721
1067 1365
1067 50
1067 52
1068 50
1068 52
1068 198
1068 1365
1069 235
1069 237
1069 1067
1069 1068
1070 237
1070 1067
1070 1068
1071 1365
1071 50
1071 52
1071 198
1072 52
1072 198
1072 1365
1072 51
1072 53
1073 165
1073 64
1073 66
1073 110
1073 166
1074 237
1074 1067
1074 1068
1074 236
1075 1154
1075 75
1075 256
1075 258
1076 50
1076 52
1076 198
1076 1365
1077 198
1077 1365
1077 51
1077 53
1077 199
1078 64
1078 66
1078 110
1078 166
1079 231
1079 233
1079 644
1079 1279
1080 52
1080 198
1080 1365
1080 51
1080 53
1081 66
1081 110
1081 166
1081 65
1081 67
1082 75
1082 256
1082 258
1082 1048
1083 307
1083 520
1083 521
1083 1365
1084 51
1084 53
1084 199
1084 721
1085 132
1085 189
1085 574
1085 720
1086 144
1086 163
1086 1187
1086 1239
1087 1365
1087 168
1087 170
1087 355
1088 307
1088 520
1088 521
1088 1365
1089 1365
1089 51
1089 53
1089 199
1090 53
1090 199
1090 721
1090 52
1091 189
1091 574
1091 720
1091 81
1092 186
1092 188
1092 460
1092 1329
1093 51
1093 53
1093 199
1093 721
1094 199
1094 721
1094 52
1094 54
1094 133
1095 188
1095 460
1095 1329
1095 130
1096 246
1096 248
1096 604
1096 791
1097 53
1097 199
1097 721
1097 52
1098 54
1098 56
1098 135
1098 1286
1099 56
1099 135
1099 1286
1099 55
1100 147
1100 149
1100 173
1100 174
1101 168
1101 170
1101 355
1101 384
1102 460
1102 1329
1102 130
1102 136
1103 52
1103 54
1103 133
1103 200
1104 82
1104 131
1104 317
1104 430
1104 647
1104 49
1105 163
1105 1187
1105 1239
1105 1288
1106 307
1106 520
1106 521
1106 1365
1107 721
1107 52
1107 54
1107 133
1108 54
1108 133
1108 200
1108 53
1109 131
1109 317
1109 430
1109 647
1110 1187
1110 1239
1110 1288
1110 147
1111 52
1111 54
1111 133
1111 200
1112 133
1112 200
1112 53
1112 55
1113 317
1113 430
1113 647
1113 49
1114 171
1114 146
1114 183
1114 232
1115 54
1115 133
1115 200
1115 53
1116 200
1116 53
1116 55
1116 134
1116 201
1117 317
1117 430
1117 647
1117 49
1118 146
1118 183
1118 232
1118 401
1119 133
1119 200
1119 53
1119 55
1120 53
1120 55
1120 134
1120 201
1120 54
1121 430
1121 647
1121 49
1121 53
1122 1239
1122 1288
1122 147
1122 149
1123 200
1123 53
1123 55
1123 134
1124 55
1124 134
1124 201
1124 54
1125 647
1125 49
1125 53
1125 134
1125 184
1126 1239
1126 1288
1126 147
1126 149
1127 53
1127 55
1127 134
1128 134
1128 201
1128 54
1129 49
1129 53
1129 134
1129 184
1130 1288
1130 147
1130 149
1130 173
1130 174
1131 55
1131 134
1131 201
1131 54
1132 201
1132 54
1132 56
1132 135
1133 720
1133 81
1133 82
1133 131
1134 81
1134 82
1134 131
1134 317
1135 134
1135 201
1135 54
1135 56
1136 54
1136 56
1136 135
1136 1286
1136 55
1137 147
1137 149
1137 173
1138 701
1138 147
1138 174
1138 176
1139 238
1139 299
1139 301
1139 1049
1140 199
1140 721
1140 52
1140 54
1141 201
1141 54
1141 56
1141 135
1142 56
1142 135
1142 1286
1142 55
1143 701
1143 147
1143 174
1143 176
1144 199
1144 721
1144 52
1144 54
1145 54
1145 56
1145 135
1145 1286
1146 1365
1146 51
1146 199
1146 385
1147 805
1147 16
1147 18
1147 678
1148 1286
1148 55
1148 57
1148 136
1149 235
1149 237
1149 1067
1149 1068
1150 1126
1150 276
1150 661
1150 795
1151 470
1151 1365
1151 15
1151 17
1152 135
1152 1286
1152 55
1152 57
1153 55
1153 57
1154 1154
1154 75
1154 256
1154 258
1155 1365
1155 15
1155 17
1155 677
1156 1286
1156 55
1156 57
1156 136
1156 201
1157 57
1157 136
1157 201
1157 202
1157 320
1158 231
1158 233
1158 644
1158 1279
1159 15
1159 17
1159 677
1159 805
1160 55
1160 57
1160 136
1160 201
1161 75
1161 256
1161 258
1161 1048
1162 307
1162 520
1162 521
1162 1365
1162 306
1163 17
1163 677
1163 805
1163 16
1164 51
1164 721
1164 1365
1164 50
1164 52
1165 201
1165 202
1165 320
1165 1339
1166 307
1166 520
1166 521
1166 1365
1167 677
1167 805
1167 16
1167 18
1168 721
1168 1365
1168 50
1168 52
1169 136
1169 201
1169 202
1169 320
1169 1339
1170 1126
1170 276
1170 661
1170 795
1171 1365
1171 211
1171 295
1171 427
1172 356
1172 1365
1172 45
1172 1224
1173 320
1173 1339
1173 56
1173 58
1174 21
1174 682
1174 703
1174 21
1175 72
1175 893
1175 24
1175 71
1176 893
1176 24
1176 71
1176 73
1177 1245
1177 279
1177 661
1177 662
1177 795
1177 1245
1178 202
1178 320
1178 1339
1178 56
1179 165
1179 549
1179 561
1179 63
1180 246
1180 603
1180 667
1181 307
1181 520
1181 521
1181 1365
1182 13
1182 116
1182 282
1183 408
1183 409
1183 652
1183 739
1184 56
1184 58
1184 137
1184 699
1185 259
1185 1243
1185 1312
1185 203
1186 116
1186 282
1186 760
1186 761
1187 1339
1187 56
1187 58
1187 137
1188 58
1188 137
1188 699
1188 1351
1189 601
1189 251
1189 253
1189 670
1190 282
1190 760
1190 761
1190 762
1191 56
1191 58
1191 137
1191 699
1192 137
1192 699
1192 1351
1192 57
1192 59
1193 173
1193 231
1193 233
1193 644
1194 760
1194 761
1194 762
1194 16
1195 58
1195 137
1195 699
1196 71
1196 73
1196 438
1196 25
1197 307
1197 520
1197 521
1197 1365
1198 23
1198 408
1198 409
1198 652
1198 739
1199 1351
1199 57
1199 59
1199 318
1200 302
1200 123
1200 194
1200 302
1201 1365
1201 66
1201 110
1201 264
1202 1202
1202 1203
1202 1225
1202 1365
1203 699
1203 1351
1203 57
1203 59
1204 123
1204 194
1204 302
1204 303
1205 1243
1205 1312
1205 203
1206 1202
1206 1203
1206 1225
1206 1365
1207 1204
1207 1365
1207 46
1207 48
1208 59
1208 318
1208 319
1208 1104
1209 1365
1209 138
1209 145
1209 164
1210 1
1210 331
1210 332
1210 1365
1211 1365
1211 46
1211 48
1211 457
1212 48
1212 457
1212 1199
1213 57
1213 59
1213 318
1213 319
1213 1104
1214 64
1214 166
1214 932
1215 383
1215 1365
1215 120
1215 170
1216 249
1216 251
1216 607
1216 669
1217 319
1217 1104
1217 58
1217 84
1218 1047
1218 215
1218 281
1219 270
1219 747
1219 223
1219 233
1220 307
1220 520
1220 521
1220 1365
1221 318
1221 319
1221 1104
1221 58
1222 1104
1222 58
1222 84
1222 1190
1223 146
1223 150
1223 837
1223 1265
1224 150
1224 837
1224 1265
1224 149
1225 319
1225 1104
1225 58
1225 84
1226 58
1226 84
1226 1190
1226 1237
1227 83
1227 318
1227 1365
1227 86
1228 138
1228 145
1228 164
1228 1045
1229 215
1229 281
1229 329
1229 330
1230 1104
1230 58
1230 84
1230 1190
1231 84
1231 1190
1231 1237
1231 1365
1232 129
1232 131
1233 281
1234 747
1234 223
1235 289
1235 291
1236 58
1236 84
1236 1190
1237 1190
1237 1237
1238 129
1238 131
1239 131
1239 188
1240 84
1240 1190
1241 1237
1242 233
1242 431
1243 668
1243 249
1244 1190
1245 145
1245 932
1246 402
1246 837
1247 661
1247 795
1248 61
1248 106
1249 145
1249 932
1250 932
1250 1288
1251 402
1251 837
1252 661
1252 795
1253 1365
1253 61
1254 106
1254 971
1255 330
1255 1365
1256 228
1256 396
1257 61
1257 106
1257 971
1258 1094
1258 1137
1259 354
1259 355
1260 980
1260 1026
1260 279
1261 307
1261 520
1261 521
1262 71
1262 955
1263 1365
1263 45
1264 45
1264 47
1265 73
1265 438
1266 251
1266 253
1267 1365
1267 109
1268 3
1268 14
1269 1365
1269 0
1270 71
1270 955
1271 438
1271 25
1272 3
1272 14
1273 62
1273 107
1274 25
1274 72
1275 60
1275 62
1276 107
1276 1084
1277 72
1277 894
1277 1365
1278 1170
1278 212
1279 62
1279 107
1280 1084
1280 61
1281 894
1281 1365
1282 219
1282 221
1283 107
1283 1084
1284 61
1284 63
1285 1365
1285 75
1286 1084
1286 61
1287 63
1287 108
1287 874
1288 219
1288 221
1288 269
1289 61
1289 63
1290 1365
1290 75
1290 256
1291 305
1291 571
1292 307
1292 520
1293 874
1293 62
1294 682
1294 703
1295 86
1296 307
1296 520
1297 108
1297 874
1298 62
1298 64
1299 703
1299 21
1300 156
1300 158
1301 874
1301 62
1302 64
1302 165
1303 21
1303 23
1304 1365
1304 244
1305 356
1305 1365
1306 62
1306 64
1306 165
1307 23
1307 72
1308 244
1308 246
1309 1136
1309 1202
1310 320
1310 1339
1311 893
1311 24
1312 307
1312 520
1313 1136
1313 1202
1314 561
1314 63
1315 191
1315 1365
1316 307
1316 520
1317 549
1317 561
1318 109
1318 111
1319 1238
1319 1353
1320 307
1320 520
1321 51
1321 721
1322 65
1322 109
1323 240
1324 307
1324 520
1325 721
1325 1365
1326 63
1326 65
1327 237
1327 1067
1328 1243
1328 74
1329 795
1329 1245
1330 165
1330 64
1331 237
1331 1067
1332 1067
1332 1068
1333 1243
1333 74
1334 795
1334 1245
1335 295
1335 427
1336 50
1336 52
1336 198
1337 109
1337 165
1338 64
1338 66
1339 256
1339 258
1340 52
1340 198
1340 1365
1341 165
1341 64
1342 66
1342 110
1342 166
1343 233
1343 644
1343 1279
1344 198
1344 1365
1344 51
1345 64
1345 66
1346 258
1346 1048
1346 76
1347 307
1347 520
1348 7
1348 40
1349 40
1349 42
1350 1097
1350 125
1350 127
1351 1365
1351 140
1352 73
1352 941
1353 40
1353 42
1354 65
1354 67
1355 67
1355 167
1356 125
1356 127
1357 127
1357 572
1358 941
1358 1365
1359 166
1359 65
1360 166
1360 65
1361 398
1361 641
1362 641
1362 229
1363 701
1363 259
1364 307
1364 520
1365 263
1365 66
1365 68
1365 164
1365 264
1365 67
1365 69
1365 265
1365 1046
1365 68
1365 266
1365 328
1365 1365
1365 20
1365 21
1365 682
1365 703
1365 21
1365 23
1365 72
1365 893
1365 24
1365 71
1365 73
1365 438
1365 25
1365 72
1365 894
1365 1365
1365 75
1365 256
1365 360
1365 1234
1365 8
1365 74
1365 76
1365 257
1365 1066
1365 9
1365 75
1365 258
1365 1365
1365 78
1365 259
1365 1088
1365 1365
1365 77
1365 79
1365 260
1365 359
1365 78
1365 255
1365 360
1365 1234
1365 81
1365 430
1365 917
1365 1235
1365 1365
1365 80
1365 82
1365 132
1365 430
1365 1365
1365 81
1365 83
1365 132
1365 1236
1365 1365
1365 82
1365 84
1365 317
1365 1236
1365 1365
1365 59
1365 83
1365 318
1365 1365
1365 86
1365 1073
1365 1093
1365 1365
1365 85
1365 87
1365 671
1365 1365
1365 86
1365 88
1365 673
1365 1307
1365 1365
1365 87
1365 89
1365 674
1365 1365
1365 88
1365 90
1365 675
1365 1365
1365 89
1365 91
1365 348
1365 1290
1365 1365
1365 90
1365 92
1365 486
1365 487
1365 488
1365 1153
1365 1250
1365 1290
1365 1365
1365 91
1365 93
1365 190
1365 1361
1365 1365
1365 92
1365 94
1365 191
1365 1365
1365 93
1365 95
1365 192
1365 1365
1365 94
1365 96
1365 122
1365 123
1365 95
1365 97
1365 676
1365 1176
1365 96
1365 98
1365 1095
1365 1096
1365 1189
1365 97
1365 99
1365 1097
1365 1224
1365 98
1365 100
1365 1094
1365 1137
1365 1225
1365 99
1365 101
1365 1192
1365 1227
1365 100
1365 102
1365 1094
1365 1098
1365 101
1365 103
1365 127
1365 128
1365 102
1365 104
1365 453
1365 454
1365 573
1365 103
1365 105
1365 455
1365 104
1365 456
1365 573
1365 1036
1365 1365
1365 60
1365 107
1365 972
1365 1365
1365 61
1365 106
1365 108
1365 1180
1365 62
1365 107
1365 109
1365 561
1365 875
1365 64
1365 108
1365 110
1365 267
1365 561
1365 65
1365 109
1365 111
1365 263
1365 1181
1365 110
1365 112
1365 1169
1365 1181
1365 111
1365 113
1365 1170
1365 1320
1365 112
1365 114
1365 213
1365 214
1365 1135
1365 1169
1365 1347
1365 113
1365 115
1365 116
1365 748
1365 1197
1365 114
1365 116
1365 760
1365 14
1365 114
1365 115
1365 117
1365 1197
1365 116
1365 118
1365 281
1365 282
1365 117
1365 330
1365 331
1365 1335
1365 1365
1365 120
1365 171
1365 1132
1365 1365
1365 119
1365 121
1365 170
1365 172
1365 356
1365 43
1365 120
1365 384
1365 1365
1365 95
1365 1176
1365 1363
1365 1365
1365 95
1365 124
1365 192
1365 193
1365 676
1365 123
1365 125
1365 303
1365 1095
1365 124
1365 126
1365 304
1365 1096
1365 1097
1365 125
1365 127
1365 572
1365 1094
1365 102
1365 126
1365 573
1365 1094
1365 102
1365 129
1365 453
1365 462
1365 1098
1365 1334
1365 128
1365 130
1365 462
1365 574
1365 1313
1365 129
1365 131
1365 188
1365 189
1365 1238
1365 1353
1365 130
1365 132
1365 189
1365 574
1365 720
1365 81
1365 82
1365 131
1365 317
1365 430
1365 647
1365 49
1365 53
1365 134
1365 184
1365 721
1365 54
1365 133
1365 135
1365 185
