0 1201
0 85
0 87
0 219
1 129
1 135
1 584
1 677
2 298
2 1014
2 242
2 244
3 271
3 756
3 77
3 270
4 1066
4 1201
4 2
4 281
4 1100
5 669
5 997
5 1121
5 29
5 64
6 251
6 253
6 348
6 1039
7 271
7 756
7 77
7 270
8 593
8 1066
8 1201
8 2
9 1201
9 2
9 281
9 1100
9 1201
10 669
10 997
10 1121
10 29
11 404
11 661
11 197
11 199
12 1066
12 1201
12 2
12 281
13 2
13 281
13 1100
13 1201
13 1
14 98
14 775
14 97
14 99
15 775
15 97
15 99
15 246
16 1201
16 2
16 281
16 1100
17 873
17 1201
17 85
17 87
17 219
17 1201
18 1201
18 85
18 87
18 219
19 107
19 150
19 183
19 1201
19 149
20 298
20 1014
20 242
20 244
20 299
20 743
21 1100
21 1201
21 1
21 3
22 900
22 924
22 1201
22 30
23 924
23 1201
23 30
23 32
23 348
24 236
24 897
24 1070
24 233
25 271
25 756
25 77
25 270
26 281
26 1100
26 1201
26 1
27 1201
27 1
27 3
27 281
28 227
28 229
28 876
28 937
29 236
29 897
29 1070
29 233
29 235
29 236
30 1100
30 1201
30 1
30 3
30 281
30 864
31 1
31 3
31 281
32 229
32 876
32 937
32 228
32 230
32 877
32 971
32 229
32 231
32 878
33 233
33 234
33 237
33 290
34 1201
34 1
34 3
34 281
34 864
35 3
35 281
35 864
35 2
35 4
36 876
36 937
36 228
36 230
37 234
37 237
37 290
38 1
38 3
38 281
38 864
38 2
38 4
38 438
39 281
39 864
39 2
39 4
39 438
40 397
40 156
40 158
40 398
41 170
41 172
41 359
41 568
41 961
41 962
41 171
42 172
42 359
42 568
42 961
43 3
43 281
43 864
43 2
43 4
44 864
44 2
44 4
44 438
44 439
45 1201
45 233
45 234
45 237
45 290
46 234
46 237
46 290
46 1070
47 281
47 864
47 2
47 4
48 2
48 4
48 438
48 439
49 201
49 203
49 409
49 577
50 348
50 983
50 1144
50 1145
50 1201
51 864
51 2
51 4
51 438
52 4
52 438
52 439
52 3
53 128
53 1201
53 63
53 65
54 772
54 117
55 2
55 4
55 438
55 439
56 438
56 439
56 3
56 386
57 1201
57 63
57 65
57 129
58 83
58 85
58 579
58 873
59 260
59 388
59 1201
59 258
59 259
60 4
60 438
60 439
60 3
60 386
61 439
61 3
61 386
62 63
62 65
62 129
62 665
62 64
62 66
63 86
63 88
63 220
63 1201
64 438
64 439
64 3
64 386
65 3
65 386
65 387
65 659
65 1066
66 68
66 132
66 676
67 132
67 676
67 128
67 129
68 439
68 3
68 386
68 387
68 659
69 386
69 387
69 659
69 1066
69 6
70 41
70 717
70 729
70 32
70 38
71 244
71 299
71 743
71 243
71 245
72 3
72 386
72 387
72 659
73 387
73 659
73 1066
73 6
73 135
74 717
74 729
74 32
75 1024
75 198
75 200
75 406
76 244
76 299
76 743
76 243
76 245
76 300
77 1072
77 1201
77 250
77 254
78 386
78 387
78 659
78 1066
78 6
78 135
78 136
79 659
79 1066
79 6
79 135
80 1201
80 69
80 71
80 272
81 69
81 71
81 272
81 1113
82 387
82 659
82 1066
82 6
83 1066
83 6
83 135
83 136
83 1023
83 1201
84 69
84 71
84 272
84 1113
84 1201
85 108
85 147
85 148
85 149
86 304
86 415
86 776
86 248
87 659
87 1066
87 6
87 135
88 6
88 135
88 136
88 1023
89 135
89 136
89 1023
89 1201
90 69
90 71
90 272
90 1113
91 580
91 674
91 675
91 1201
91 63
92 674
92 675
92 1201
92 63
92 129
93 1066
93 6
93 135
93 136
94 135
94 136
94 1023
94 1201
95 38
95 40
95 41
95 710
95 34
95 39
96 156
96 158
96 398
96 602
96 157
97 1066
97 6
97 135
98 6
98 135
98 136
98 1023
98 1201
99 136
99 1023
99 1201
99 5
100 400
100 559
100 158
100 160
100 401
101 135
101 136
101 1023
101 1201
101 5
101 7
101 1001
102 1023
102 1201
102 5
102 7
103 103
103 315
103 699
103 23
104 71
104 272
104 1113
104 1201
105 400
105 559
105 158
105 160
105 401
106 136
106 1023
106 1201
106 5
107 1201
107 5
107 7
107 1001
107 1023
108 315
108 699
108 23
108 25
109 272
109 1113
109 1201
109 70
110 1023
110 1201
110 5
110 7
110 1001
110 1023
111 699
111 23
111 25
112 302
112 774
112 98
112 248
112 303
112 775
113 271
113 756
113 77
113 270
114 7
114 1001
114 1023
114 6
115 80
115 1067
115 1201
115 79
116 342
116 346
116 1052
116 216
117 271
117 756
117 77
117 270
118 5
118 7
118 1001
118 1023
119 1001
119 1023
119 6
119 8
120 1007
120 123
120 125
120 432
121 271
121 756
121 77
121 270
122 7
122 1001
122 1023
123 1023
123 6
123 8
123 1002
124 564
124 851
124 21
125 271
125 756
125 77
125 270
126 1001
126 1023
126 6
126 8
127 392
127 14
127 16
127 589
127 590
128 184
128 1201
128 150
128 152
129 189
129 191
129 397
129 697
130 191
130 397
130 697
130 190
131 271
131 756
131 77
131 270
132 8
132 1002
132 1037
132 7
133 1002
133 1037
133 7
134 9
134 1003
134 1038
134 8
134 10
134 691
134 753
135 756
135 73
135 205
135 207
136 310
136 211
136 213
136 214
137 271
137 756
137 77
137 270
138 6
138 8
138 1002
138 1037
138 7
139 1002
139 1037
139 7
139 9
139 1003
139 1038
140 271
140 794
140 71
140 77
141 6
141 8
141 1002
141 1037
142 8
142 1002
142 1037
142 7
143 1037
143 7
143 9
143 1003
144 1038
144 8
144 10
144 691
145 8
145 10
145 691
145 753
145 754
146 10
146 691
146 753
146 754
147 144
147 146
147 178
147 181
147 1201
148 146
148 178
148 181
149 756
149 73
149 205
149 207
150 373
150 73
150 75
150 209
151 1002
151 1037
151 7
151 9
151 1003
152 7
152 9
152 1003
152 1038
153 146
153 178
153 181
153 1201
154 160
154 162
154 404
154 604
155 1037
155 7
155 9
155 1003
155 1038
156 691
156 753
156 754
157 160
157 162
157 404
157 604
158 578
158 755
158 756
158 73
158 205
159 271
159 756
159 77
159 270
160 6
160 8
160 1002
160 1037
160 7
161 1003
161 1038
161 8
161 10
162 605
162 162
162 164
162 406
163 598
163 1074
163 1201
163 74
164 271
164 756
164 77
164 270
165 9
165 1003
165 1038
165 8
166 1038
166 8
166 10
166 691
167 8
167 10
167 691
167 753
167 754
168 756
168 73
168 205
168 207
169 1002
169 1037
169 7
169 9
169 1003
169 1038
170 1003
170 1038
170 8
170 10
171 8
171 10
171 691
171 753
171 754
171 9
172 1002
172 1037
172 7
173 1003
173 1038
173 8
173 10
173 691
174 1038
174 8
174 10
174 691
175 10
175 691
175 753
175 754
176 753
176 754
176 9
176 11
177 605
177 162
177 164
177 406
177 560
178 573
178 165
178 167
178 409
178 607
179 1002
179 1037
179 7
179 9
180 8
180 10
180 691
180 753
181 691
181 753
181 754
181 9
181 11
182 753
182 754
182 9
182 11
183 160
183 162
183 404
183 604
184 7
184 9
184 1003
184 1038
185 10
185 691
185 753
185 754
186 405
186 605
186 162
186 164
187 271
187 756
187 77
187 270
188 8
188 10
188 691
188 753
189 10
189 691
189 753
189 754
190 9
190 11
190 1036
190 1038
191 11
191 1036
191 1038
191 10
192 405
192 605
192 162
192 164
193 209
193 414
193 76
193 208
194 348
194 1039
194 248
194 250
195 9
195 11
195 1036
195 1038
196 161
196 163
196 405
196 605
197 73
197 75
197 209
197 414
198 271
198 756
198 77
198 270
199 753
199 754
199 9
199 11
200 754
200 9
200 11
200 1036
201 11
201 1036
201 1038
201 10
201 12
202 163
202 405
202 605
202 162
203 75
203 209
203 414
203 76
204 753
204 754
204 9
205 9
205 11
205 1036
205 1038
205 10
205 12
205 883
206 1036
206 1038
206 10
206 12
206 883
207 75
207 209
208 209
208 414
208 76
208 208
209 11
209 1036
209 1038
209 10
210 1038
210 10
210 12
210 883
210 1125
211 12
211 883
211 1125
211 11
212 243
212 298
212 1014
212 242
212 244
213 1201
213 261
213 263
213 353
213 1201
214 1036
214 1038
214 10
214 12
214 883
214 1125
214 11
214 13
215 10
215 12
215 883
215 1125
215 11
215 13
216 209
216 414
216 76
216 208
216 210
216 414
217 346
217 518
217 795
217 796
218 1038
218 10
218 12
218 883
219 405
219 605
219 162
219 164
219 406
220 518
220 795
220 796
220 83
221 271
221 756
221 77
221 270
221 272
222 1036
222 1038
222 10
223 883
223 1125
223 11
223 13
224 189
224 395
224 779
224 188
224 190
225 346
225 518
225 795
225 796
226 12
226 883
226 1125
226 11
227 211
227 414
227 609
227 210
228 234
228 289
228 901
228 902
229 271
229 756
229 77
229 270
230 11
230 13
230 286
230 1075
231 340
231 841
231 1067
231 78
232 414
232 76
232 208
232 210
233 75
233 206
233 271
233 756
233 77
234 271
234 756
234 77
234 270
234 272
234 757
235 1125
235 11
235 13
235 286
235 1075
236 13
236 286
236 1075
236 12
236 14
237 841
237 1067
237 78
237 80
238 76
238 208
238 210
238 414
238 76
238 209
239 11
239 13
239 286
239 1075
240 286
240 1075
240 12
240 14
241 1067
241 78
241 80
241 1067
242 376
242 377
242 641
242 96
243 13
243 286
243 1075
243 12
244 1075
244 12
244 14
244 287
245 78
245 80
245 1067
245 1201
246 661
246 197
246 199
246 405
247 286
247 1075
247 12
247 14
248 12
248 14
248 287
248 379
248 1148
248 13
249 1075
249 12
249 14
249 287
249 379
249 1148
250 14
250 287
250 379
250 1148
251 661
251 197
251 199
251 405
251 1024
251 198
251 200
251 406
251 561
251 199
251 201
251 407
252 208
252 210
252 414
252 76
252 209
252 211
253 12
253 14
254 197
254 199
254 405
254 1024
254 198
254 200
255 210
255 414
255 76
255 209
256 271
256 756
256 77
256 270
256 272
257 379
257 1148
257 13
258 1148
258 13
258 15
258 288
258 392
259 1201
259 149
259 151
259 184
260 995
260 224
260 226
260 805
260 806
260 225
261 287
261 379
261 1148
261 13
262 149
262 151
262 184
262 1201
263 198
263 404
263 661
263 197
263 199
264 271
264 756
264 77
264 270
265 287
265 379
265 1148
265 13
266 13
266 15
266 288
266 392
266 14
267 151
267 184
267 1201
267 150
268 916
268 917
268 232
268 234
268 236
268 897
269 415
269 417
269 641
269 776
269 778
270 1148
270 13
270 15
270 288
270 392
271 15
271 288
271 392
271 14
272 185
272 393
272 1201
272 151
272 153
273 995
273 224
273 226
273 805
274 917
274 232
274 234
274 236
275 13
275 15
275 288
275 392
276 288
276 392
276 14
276 16
277 686
277 66
277 130
277 132
278 15
278 288
278 392
279 15
279 17
279 176
279 1069
280 63
280 665
280 834
280 835
281 185
281 393
281 1201
281 151
281 153
282 226
282 228
282 875
282 966
282 227
283 1201
283 250
283 254
284 1023
284 6
284 8
284 1002
285 14
285 16
285 589
285 590
285 15
286 665
286 834
286 835
286 1201
287 271
287 756
287 77
287 270
288 392
288 14
288 16
288 589
288 590
288 15
289 16
289 589
289 590
289 15
290 834
290 835
290 1201
290 31
291 184
291 1201
291 150
291 152
292 14
292 16
292 589
292 590
293 589
293 590
293 15
293 17
293 176
294 835
294 1201
294 31
294 32
294 35
295 1201
295 150
295 152
296 235
296 236
296 289
296 917
297 16
297 589
297 590
298 590
298 15
298 17
298 176
299 1201
299 31
299 32
299 35
300 589
300 590
300 15
300 17
300 176
301 15
301 17
301 176
301 1069
302 31
302 32
302 35
302 900
303 235
303 236
303 289
303 917
304 288
304 392
304 14
304 16
305 590
305 15
305 17
305 176
306 32
306 35
306 900
307 66
307 130
307 132
307 687
308 226
308 228
308 875
308 966
309 176
309 1069
309 16
309 18
310 208
310 270
310 75
310 77
310 209
311 270
311 75
311 77
311 209
312 181
312 563
312 850
312 178
313 271
313 756
313 77
313 270
314 17
314 176
314 1069
314 16
314 18
314 177
314 869
314 1069
315 1069
315 16
315 18
315 177
315 869
316 669
316 988
316 1020
316 60
317 778
317 905
317 1039
317 249
318 271
318 756
318 77
318 270
319 176
319 1069
319 16
319 18
320 17
320 19
320 313
320 314
321 669
321 988
321 1020
321 60
322 1014
322 242
322 244
322 299
323 271
323 756
323 77
323 270
324 18
324 177
324 869
324 1069
325 32
325 36
325 38
325 32
326 93
326 875
326 1139
326 1201
326 92
326 94
327 271
327 756
327 77
327 270
327 272
327 757
328 16
328 18
328 177
328 869
328 1069
328 1120
328 17
329 177
329 869
329 1069
330 45
330 909
330 910
330 44
331 910
331 44
331 46
331 48
332 82
332 84
332 216
332 579
333 18
333 177
333 869
333 1069
334 869
334 1069
334 1120
334 17
335 59
335 61
335 669
335 988
336 177
336 869
336 1069
336 1120
337 1069
337 1120
337 17
337 19
338 910
338 44
338 46
338 48
339 59
339 61
339 669
339 988
340 869
340 1069
340 1120
340 17
341 1120
341 17
341 19
341 313
342 44
342 46
342 48
342 1065
343 46
343 48
343 1065
344 581
344 997
344 70
344 338
345 338
345 339
346 1069
346 1120
346 17
346 19
347 17
347 19
347 313
347 314
348 61
348 669
348 988
348 1020
348 60
349 179
349 565
349 852
349 145
350 1069
350 16
350 18
350 177
350 869
351 1120
351 17
351 19
351 313
351 314
351 18
351 20
352 19
352 313
352 314
353 669
353 988
353 1020
353 60
354 75
354 77
354 209
354 210
355 833
355 191
355 193
355 399
356 1014
356 242
356 244
356 299
357 17
357 19
357 313
358 313
358 314
358 18
358 20
359 1014
359 242
359 244
359 299
360 271
360 756
360 77
360 270
360 272
360 757
361 19
361 313
361 314
361 18
362 314
362 18
362 20
362 314
362 482
362 1091
363 833
363 191
363 193
363 399
364 271
364 756
364 77
364 270
365 313
365 314
365 18
365 20
366 18
366 20
366 314
366 482
367 398
367 833
367 191
367 193
368 271
368 756
368 77
368 270
369 314
369 18
369 20
369 314
370 20
370 314
370 482
370 1091
371 186
371 933
371 185
371 187
372 271
372 756
372 77
373 18
373 20
373 314
373 482
374 314
374 482
374 1091
374 19
375 910
375 945
375 46
375 716
376 131
376 686
376 66
376 130
377 238
377 240
377 293
377 928
378 271
378 756
378 77
378 270
378 272
378 757
378 70
378 71
379 20
379 314
379 482
379 1091
379 19
380 482
380 1091
380 19
380 21
381 131
381 686
381 66
381 130
382 561
382 199
382 201
382 407
383 271
383 756
384 314
384 482
384 1091
385 1091
385 19
385 21
385 22
386 561
386 199
386 201
386 407
387 271
387 756
387 77
387 270
387 272
388 482
388 1091
388 19
388 21
389 19
389 21
389 22
389 314
389 565
390 716
390 946
390 1201
390 45
390 49
391 271
391 756
391 77
391 270
392 1091
392 19
392 21
392 22
393 21
393 22
393 314
393 565
394 946
394 1201
394 45
394 49
395 271
395 756
395 77
395 270
396 19
396 21
396 22
396 314
397 22
397 314
397 565
397 566
398 1201
398 45
398 49
398 827
399 271
399 756
399 77
399 270
400 21
400 22
400 314
400 565
401 314
401 565
401 566
401 20
402 850
402 108
402 147
402 181
403 108
403 147
403 181
403 817
404 22
404 314
404 565
404 566
405 565
405 566
405 20
405 22
406 108
406 149
406 184
406 704
407 271
407 756
407 77
407 270
408 314
408 565
408 566
408 20
409 566
409 20
409 22
409 180
410 199
410 201
410 407
410 681
411 212
411 215
411 308
411 310
412 271
412 756
412 77
412 270
413 565
413 566
413 20
413 22
414 20
414 22
414 180
414 692
414 20
414 21
415 201
415 407
415 681
415 200
416 256
416 258
416 283
416 257
417 271
417 756
417 77
418 566
418 20
418 22
418 180
419 22
419 180
419 692
419 20
420 407
420 681
420 200
420 202
420 408
420 574
421 271
421 756
421 77
421 270
421 272
422 20
422 22
422 180
423 681
423 200
423 202
423 408
423 574
424 310
424 345
424 483
424 484
425 271
425 756
425 77
425 270
425 272
425 757
425 70
426 692
426 20
426 21
426 23
426 699
426 22
426 24
426 103
426 315
426 699
427 699
427 22
427 24
427 103
427 315
427 699
428 216
428 579
428 1052
428 1201
429 270
429 413
429 206
429 373
430 413
430 206
430 373
431 994
431 995
431 224
431 226
431 805
432 180
432 692
432 20
432 21
432 23
432 699
432 22
433 20
433 21
433 23
434 579
434 1052
434 1201
435 1052
435 1201
435 83
435 85
435 579
436 1201
436 144
436 146
436 178
437 692
437 20
437 21
437 23
438 21
438 23
438 699
438 22
439 16
439 175
439 589
439 869
440 20
440 21
440 23
441 23
441 699
441 22
441 24
441 103
441 315
442 865
442 53
442 55
442 54
443 53
443 55
443 54
443 56
443 865
444 1052
444 1201
444 83
444 85
445 21
445 23
445 699
445 22
446 132
446 1027
446 62
446 67
447 1027
447 62
447 67
447 133
448 271
448 756
448 77
448 270
448 272
449 180
449 692
449 20
450 1201
450 83
450 85
450 579
450 873
451 207
451 270
451 413
451 206
451 373
452 257
452 282
452 283
452 350
453 271
453 756
453 77
453 270
454 24
454 103
454 315
454 699
454 23
455 105
455 1082
455 1201
455 27
455 358
456 398
456 602
456 157
456 159
457 602
457 157
457 159
457 399
458 400
458 559
458 158
458 160
459 408
459 573
459 165
459 167
459 409
460 641
460 776
460 778
460 905
460 1039
461 22
461 24
461 103
461 315
462 103
462 315
462 699
462 23
462 25
463 400
463 559
463 158
463 160
463 401
463 603
464 559
464 158
464 160
464 401
464 603
464 159
465 136
465 1023
465 1201
465 5
465 7
466 24
466 103
466 315
466 699
467 315
467 699
467 23
467 25
467 104
467 316
468 577
468 202
468 204
468 410
469 1023
469 1201
469 5
469 7
469 1001
469 1023
469 6
469 8
469 1002
470 103
470 315
470 699
470 23
471 699
471 23
471 25
472 1113
472 1201
472 70
472 78
472 272
472 1067
473 1201
473 5
473 7
473 1001
474 315
474 699
474 23
474 25
475 23
475 25
475 104
475 316
476 841
476 1201
476 80
477 776
477 778
477 905
477 1039
478 699
478 23
478 25
478 104
479 393
479 457
479 186
479 188
480 776
480 778
480 905
480 1039
481 271
481 756
481 77
481 270
482 104
482 316
482 24
482 105
483 642
483 643
483 900
483 907
484 643
484 900
484 907
484 32
485 900
485 907
485 32
485 34
485 643
486 271
486 756
486 77
487 25
487 104
487 316
487 24
487 105
488 316
488 24
488 105
488 1082
488 1201
488 27
489 41
489 710
489 34
490 710
490 34
490 39
490 716
491 104
491 316
491 24
491 105
492 24
492 105
492 1082
492 1201
493 603
493 159
493 161
493 402
494 933
494 185
494 187
494 393
495 316
495 24
495 105
495 1082
495 1201
496 105
496 1082
496 1201
496 27
497 159
497 161
497 402
497 403
498 408
498 573
498 165
498 167
499 185
499 187
499 393
499 457
500 805
500 806
500 225
500 227
501 22
501 24
501 103
501 315
502 24
502 105
502 1082
502 1201
503 602
503 157
503 159
503 399
504 1201
504 27
504 358
504 952
505 1201
505 83
505 85
505 579
505 873
505 1201
506 145
506 563
506 1201
506 144
506 146
507 87
507 219
507 221
508 966
508 227
508 229
508 876
508 937
509 242
509 244
509 299
510 1082
510 1201
510 27
510 358
511 27
511 358
511 952
511 1201
512 87
512 219
512 221
512 890
512 88
513 222
513 224
513 800
513 801
513 223
514 1201
514 27
514 358
514 952
514 1201
515 358
515 952
515 1201
515 26
516 219
516 221
516 890
516 88
517 224
517 800
517 801
518 27
518 358
518 952
518 1201
518 26
518 28
519 952
519 1201
519 26
520 894
520 87
520 219
520 221
520 890
521 800
521 801
521 223
521 225
521 922
522 358
522 952
522 1201
522 26
522 28
523 1201
523 26
523 28
523 552
523 1201
523 27
524 588
524 868
524 16
524 175
525 868
525 16
525 175
525 589
526 952
526 1201
526 26
526 28
527 26
527 28
527 552
527 1201
527 27
527 29
528 357
528 865
528 53
528 55
529 865
529 53
529 55
530 1201
530 26
530 28
530 552
531 68
531 132
531 1027
532 132
532 1027
532 62
532 67
532 133
533 271
533 756
533 77
533 270
533 272
534 145
534 563
534 1201
534 144
535 563
535 1201
535 144
535 146
535 178
536 242
536 244
536 299
536 743
536 243
536 245
537 271
537 756
537 77
537 270
537 272
537 757
537 70
538 1201
538 27
538 29
538 791
538 1201
538 28
539 904
539 905
539 987
539 95
540 74
540 75
540 206
540 271
540 756
541 271
541 756
541 77
541 270
541 272
541 757
541 70
542 552
542 1201
542 27
542 29
543 27
543 29
543 791
543 1201
544 987
544 95
544 97
544 376
545 877
545 971
545 229
546 1201
546 27
546 29
546 791
546 1201
547 29
547 791
547 1201
548 987
548 95
548 97
548 376
548 377
549 27
549 29
549 791
549 1201
550 791
550 1201
550 28
550 63
551 95
551 97
551 376
551 377
551 641
552 877
552 971
552 229
552 231
552 878
553 29
553 791
553 1201
553 28
554 1201
554 28
554 63
554 665
555 95
555 97
555 376
555 377
555 641
556 791
556 1201
556 28
556 63
556 665
556 834
556 835
557 28
557 63
557 665
557 834
558 399
558 555
558 192
558 194
558 400
559 269
559 426
559 597
559 1049
560 1201
560 28
560 63
560 665
561 555
561 192
561 194
561 400
562 426
562 597
562 1049
562 1096
563 271
563 756
563 77
563 270
564 288
564 392
564 14
564 16
565 686
565 66
565 130
565 132
566 393
566 1201
567 1201
567 152
567 154
567 394
568 271
568 756
568 77
568 270
569 392
569 14
569 16
569 589
569 590
570 834
570 835
570 1201
571 35
571 900
571 924
571 1201
572 271
572 756
572 77
572 270
573 14
573 16
573 589
573 590
574 665
574 834
574 835
575 835
575 1201
575 31
576 35
576 900
576 924
576 1201
576 30
577 16
577 589
577 590
577 15
578 834
578 835
578 1201
578 31
579 1201
579 31
579 32
580 396
580 602
580 1201
580 155
581 589
581 590
581 15
581 17
582 835
582 1201
582 31
583 31
583 32
583 35
583 900
583 924
584 602
584 1201
584 155
584 157
585 590
585 15
585 17
585 176
586 1201
586 31
586 32
586 35
587 32
587 35
587 900
587 924
588 1201
588 155
588 157
588 397
589 15
589 17
589 176
589 1069
590 31
590 32
591 152
591 154
591 394
591 1201
592 665
592 834
592 835
593 834
593 835
593 1201
593 31
593 32
594 900
594 924
594 1201
594 30
594 32
595 687
595 67
595 131
595 133
596 154
596 394
596 1201
596 153
597 396
597 602
597 1201
597 155
598 271
598 756
598 77
599 281
599 1100
599 1201
599 1
600 35
600 900
600 924
600 1201
601 227
601 229
601 876
601 937
602 271
602 756
602 77
602 270
603 281
603 1100
603 1201
603 1
604 1201
604 30
604 32
604 348
605 574
605 576
605 201
605 203
606 271
606 756
606 77
606 270
607 924
607 1201
607 30
607 32
608 30
608 32
608 348
609 29
609 64
609 128
609 1201
610 271
610 756
610 77
610 270
610 272
610 757
611 1201
611 30
611 32
611 348
612 32
612 348
612 30
612 31
613 225
613 922
613 994
613 995
613 224
614 98
614 248
614 303
614 775
615 271
615 756
615 77
615 270
616 30
616 32
616 348
616 30
617 348
617 30
617 31
617 33
618 219
618 1201
618 86
618 88
619 133
619 688
619 68
619 132
620 98
620 248
620 303
620 775
621 271
621 756
621 77
621 270
622 32
622 348
622 30
622 31
623 30
623 31
623 33
623 37
624 37
624 39
624 41
624 717
625 271
625 756
625 77
625 270
626 348
626 30
626 31
626 33
626 37
627 31
627 33
627 37
627 38
627 39
628 199
628 405
628 1024
628 198
629 271
629 756
629 77
629 270
629 272
630 30
630 31
630 33
630 37
631 33
631 37
631 38
631 39
632 339
632 786
632 1201
632 69
633 271
633 756
633 77
633 270
634 31
634 33
634 37
634 38
635 37
635 38
635 39
635 642
636 1112
636 1201
636 108
636 147
637 271
637 756
637 77
637 270
637 272
638 33
638 37
638 38
638 39
639 38
639 39
639 642
639 643
640 1201
640 62
640 580
640 674
641 271
641 756
641 77
641 270
642 37
642 38
642 39
642 642
643 39
643 642
643 643
643 900
643 907
644 729
644 32
644 38
644 40
644 41
645 40
645 41
645 710
645 34
646 271
646 756
646 77
647 38
647 39
647 642
647 643
647 900
648 642
648 643
648 900
648 907
649 40
649 41
649 710
649 34
650 271
650 756
650 77
650 270
650 272
651 25
651 104
651 316
651 24
652 39
652 642
652 643
652 900
653 643
653 900
653 907
654 41
654 710
654 34
654 39
654 716
655 271
655 756
655 77
655 270
656 25
656 104
656 316
656 24
657 642
657 643
657 900
657 907
658 271
658 756
658 77
658 270
659 25
659 104
659 316
660 907
660 32
660 34
660 643
661 710
661 34
661 39
661 716
662 271
662 756
662 77
662 270
663 900
663 907
663 32
663 34
664 32
664 34
664 643
664 710
664 33
665 34
665 39
665 716
665 1201
666 271
666 756
666 77
666 270
666 272
667 907
667 32
667 34
667 643
668 34
668 643
668 710
668 33
668 40
669 39
669 716
669 1201
670 88
670 220
670 1201
670 87
671 271
671 756
672 32
672 34
673 643
673 710
673 33
674 88
674 220
674 1201
674 87
675 271
675 756
675 77
675 270
676 34
676 643
676 710
676 33
677 710
677 33
677 40
677 710
678 220
678 1201
678 87
678 89
679 271
679 756
679 77
679 270
680 643
680 710
680 33
681 33
681 40
681 710
681 898
682 1201
682 87
682 89
682 221
682 1201
683 271
683 756
683 77
683 270
683 272
683 757
684 710
684 33
684 40
684 710
685 40
685 710
685 898
685 1201
686 87
686 89
686 221
686 1201
687 1201
687 5
687 137
687 881
688 271
688 756
688 77
688 270
689 33
689 40
689 710
689 898
689 1201
690 710
690 898
690 1201
690 30
691 89
691 221
691 1201
691 88
691 90
692 40
692 710
692 898
692 1201
693 898
693 1201
693 30
693 36
694 221
694 1201
694 88
694 90
695 1201
695 5
695 137
695 881
695 1201
696 710
696 898
696 1201
696 30
696 36
696 717
696 1195
697 1201
697 30
697 36
697 717
698 1201
698 88
698 90
698 801
699 88
699 90
699 801
699 802
699 89
699 91
700 1188
700 125
700 845
700 1189
701 898
701 1201
701 30
701 36
702 30
702 36
702 717
702 1195
703 90
703 801
703 802
703 89
704 5
704 137
704 881
704 1201
705 1201
705 30
705 36
705 717
706 36
706 717
706 1195
706 1201
706 35
707 801
707 802
707 89
707 91
707 806
708 802
708 89
709 1112
709 105
709 820
710 30
710 36
710 717
711 717
711 1195
711 1201
711 35
712 89
712 91
712 806
712 1201
713 137
713 881
713 1201
714 36
714 717
714 1195
714 1201
715 1195
715 1201
715 35
715 37
715 38
716 91
716 806
716 1201
716 90
717 881
717 1201
717 136
717 138
717 284
718 717
718 1195
718 1201
719 1201
719 35
719 37
719 38
719 900
719 32
720 806
720 1201
720 90
720 92
721 125
721 845
721 1189
721 1201
722 1195
722 1201
722 35
722 37
723 35
723 37
723 38
724 1201
724 90
724 92
725 1201
725 136
725 138
725 284
726 1201
726 35
726 37
726 38
726 900
726 32
727 37
727 38
727 900
728 90
728 92
728 874
729 64
729 128
729 130
730 35
730 37
730 38
730 900
730 32
731 38
731 900
731 32
731 36
732 92
732 874
732 935
733 136
733 138
733 284
733 1201
734 37
734 38
734 900
734 32
735 900
735 32
735 36
735 38
736 874
736 935
736 1201
736 91
737 138
737 284
737 1201
737 137
737 139
737 985
737 1084
738 271
738 756
738 77
738 270
738 272
739 38
739 900
739 32
739 36
740 32
740 36
741 935
741 1201
741 91
741 93
741 875
741 1139
742 271
742 756
742 77
742 270
743 16
743 18
743 177
743 869
743 1069
744 900
744 32
744 36
744 38
745 82
745 84
745 216
745 579
746 1201
746 91
746 93
746 875
747 91
747 93
748 271
748 756
748 77
748 270
749 38
749 32
750 80
750 1067
750 1201
750 79
751 675
751 1201
751 63
751 129
752 271
752 756
752 77
752 270
752 272
753 36
753 38
753 32
754 32
754 36
754 37
754 39
754 41
754 717
754 729
755 1067
755 1201
755 79
756 1201
756 63
756 129
756 134
756 1201
757 873
757 940
757 86
757 218
757 220
758 940
758 86
758 218
758 220
758 873
759 38
759 32
759 36
759 37
760 36
760 37
760 39
760 41
760 717
761 63
761 129
761 134
761 1201
761 64
762 32
762 36
762 37
762 39
763 102
763 111
763 694
763 695
763 699
764 63
764 129
764 134
764 1201
765 873
765 940
765 86
765 218
766 271
766 756
766 77
766 270
767 348
767 30
767 31
767 33
768 39
768 41
768 717
768 729
769 133
769 688
769 68
769 132
770 199
770 405
770 1024
770 198
771 37
771 39
771 41
771 717
772 41
772 717
772 729
772 32
773 688
773 68
773 132
773 676
774 405
774 1024
774 198
774 200
775 3
775 386
775 387
775 659
776 39
776 41
776 717
777 68
777 132
777 676
778 1024
778 198
778 200
778 406
778 561
779 386
779 387
779 659
779 1066
780 676
780 128
780 129
780 135
781 198
781 200
781 406
781 561
782 244
782 299
782 743
783 271
783 756
783 77
783 270
783 272
783 757
783 70
784 38
784 39
784 642
785 32
785 38
785 40
785 41
785 710
786 40
786 41
786 710
786 34
787 1201
787 62
787 580
787 674
787 675
788 193
788 195
788 401
788 718
789 729
789 32
789 38
789 40
790 38
790 40
790 41
790 710
791 62
791 580
791 674
791 675
791 1201
792 195
792 401
792 718
792 194
792 196
792 402
793 6
793 135
793 136
793 1023
793 1201
794 32
794 38
794 40
794 41
795 580
795 674
795 675
795 1201
795 63
796 401
796 718
796 194
796 196
796 402
797 38
797 39
797 642
797 643
798 39
798 642
798 643
798 900
798 907
798 32
799 729
799 32
799 38
799 40
800 41
800 710
800 34
800 39
801 193
801 195
801 401
801 718
801 194
802 104
802 316
802 24
802 105
802 1082
803 642
803 643
803 900
803 907
804 40
804 41
804 710
804 34
805 933
805 185
805 187
805 393
806 104
806 316
806 24
806 105
806 1082
807 900
807 907
807 32
808 34
808 39
808 716
808 1201
809 603
809 159
809 161
809 402
810 907
810 32
810 34
810 643
811 710
811 34
811 39
811 716
812 39
812 716
812 1201
812 38
813 107
813 146
813 148
813 182
814 32
814 34
814 643
815 34
815 39
815 716
816 716
816 1201
816 38
816 39
816 43
817 610
817 1201
817 212
817 215
818 39
818 716
818 1201
818 38
819 1201
819 38
819 39
819 43
820 88
820 220
820 1201
820 87
820 89
821 695
821 699
821 728
821 1111
821 101
822 716
822 1201
822 38
823 38
823 39
823 43
823 44
824 220
824 1201
824 87
824 89
825 484
825 518
825 214
825 216
826 1201
826 38
826 39
826 43
827 39
827 43
827 44
827 716
827 910
828 1201
828 87
828 89
828 221
829 17
829 591
829 870
829 1069
830 38
830 39
830 43
830 44
830 716
831 43
831 44
831 716
831 910
832 87
832 89
832 221
832 1201
833 147
833 181
833 1201
834 39
834 43
834 44
834 716
835 44
835 716
835 910
835 1102
836 89
836 221
836 1201
836 88
837 159
837 399
837 400
837 559
837 158
838 43
838 44
838 716
838 910
839 716
839 910
839 1102
839 43
840 221
840 1201
840 88
840 90
841 648
841 189
841 191
842 44
842 716
842 910
842 1102
843 910
843 1102
843 43
843 714
844 1201
844 88
844 90
844 801
845 432
845 124
845 126
845 844
846 716
846 910
846 1102
846 43
846 714
847 1102
847 43
847 714
847 908
848 88
848 90
848 801
849 844
849 1188
849 125
849 845
849 1189
850 910
850 1102
850 43
850 714
850 908
851 43
851 714
851 908
851 1201
851 41
852 90
852 801
852 802
852 89
853 162
853 164
853 406
853 560
853 163
854 1102
854 43
854 714
854 908
855 714
855 908
855 1201
856 801
856 802
856 89
857 164
857 406
857 560
857 163
858 43
858 714
858 908
858 1201
859 908
859 1201
859 41
859 42
860 802
860 89
860 91
860 806
861 105
861 820
861 1112
861 1201
862 714
862 908
862 1201
862 41
863 1201
863 41
863 42
864 89
864 91
864 806
864 1201
865 183
865 1201
865 149
865 151
866 908
866 1201
866 41
866 42
867 41
867 42
867 44
867 715
868 91
868 806
868 1201
868 90
869 897
869 1070
869 233
869 235
870 1201
870 41
870 42
870 44
871 42
871 44
871 715
872 806
872 1201
872 90
872 92
872 874
873 845
873 1189
873 1201
873 62
874 41
874 42
874 44
874 715
875 44
875 715
875 909
875 41
876 1201
876 90
876 92
876 874
877 155
877 395
877 1201
877 154
878 42
878 44
878 715
878 909
879 715
879 909
879 41
879 43
880 90
880 92
880 874
881 128
881 130
881 134
881 65
882 134
882 65
882 129
882 131
883 44
883 715
883 909
883 41
884 909
884 41
884 43
884 45
885 92
885 874
885 935
885 1201
886 65
886 129
886 131
886 686
887 715
887 909
887 41
887 43
888 41
888 43
888 45
888 909
888 910
889 874
889 935
889 1201
889 91
889 93
890 129
890 131
890 686
890 66
891 909
891 41
891 43
891 45
892 43
892 45
892 909
892 910
893 935
893 1201
893 91
893 93
893 875
894 41
894 43
894 45
894 909
894 910
895 45
895 909
895 910
895 44
896 1201
896 91
896 93
897 981
897 114
897 116
897 967
897 982
898 129
898 131
898 686
898 66
899 359
899 568
899 961
899 962
899 171
900 568
900 961
900 962
901 18
901 177
901 869
902 43
902 45
902 909
902 910
903 909
903 910
903 44
903 46
904 59
904 61
904 669
904 988
905 91
905 93
905 875
905 1139
906 45
906 909
906 910
906 44
907 82
907 84
908 18
908 177
908 869
908 1069
909 869
909 1069
909 1120
909 17
910 44
910 46
910 48
911 93
911 875
911 1139
911 1201
911 92
912 1069
912 1120
912 17
912 19
913 910
913 44
913 46
913 48
914 46
914 48
914 1065
914 1160
915 93
915 875
915 1139
915 1201
916 1069
916 1120
916 17
916 19
917 44
917 46
917 48
918 48
918 1065
918 1160
918 45
919 93
919 875
920 284
920 1201
920 137
920 139
921 46
921 48
921 1065
921 1160
921 45
922 1065
922 1160
922 45
923 70
923 338
923 339
923 786
923 1201
924 338
924 339
924 786
924 1201
924 69
925 48
925 1065
925 1160
926 1160
926 45
926 47
926 910
927 45
927 47
927 910
927 945
928 988
928 1020
928 60
928 62
929 307
929 310
929 76
929 78
930 1065
930 1160
930 45
930 47
931 70
931 338
931 339
931 786
932 210
932 307
932 310
932 76
933 1201
933 137
933 139
933 985
934 271
934 756
934 77
934 270
935 1065
935 1160
935 45
935 47
936 47
936 910
936 945
936 46
936 716
937 997
937 70
937 338
937 339
938 338
938 339
938 786
938 1201
939 310
939 76
939 78
939 271
940 147
940 148
940 149
940 1201
941 148
941 149
941 1201
941 107
942 114
942 116
942 967
942 982
943 45
943 47
943 910
943 945
944 910
944 945
944 46
945 76
945 78
945 271
945 794
946 114
946 116
946 967
946 982
947 565
947 852
947 145
947 146
948 852
948 145
948 146
948 178
948 182
948 850
948 108
949 20
949 314
949 482
949 1091
950 47
950 910
950 945
950 46
951 945
951 46
951 716
951 946
952 209
952 210
952 307
952 310
952 76
953 76
953 78
953 271
953 794
954 238
954 240
954 293
954 928
955 910
955 945
955 46
955 716
956 46
956 716
956 946
956 1201
957 76
957 78
957 271
957 794
958 131
958 686
958 66
958 130
959 945
959 46
959 716
959 946
959 1201
959 45
960 716
960 946
960 1201
960 45
961 561
961 199
961 201
961 407
962 483
962 484
962 518
963 1091
963 19
963 21
964 46
964 716
964 946
964 1201
965 946
965 1201
965 45
965 49
966 561
966 199
966 201
966 407
967 204
967 206
967 412
967 517
967 578
968 19
968 21
968 22
968 314
968 565
969 716
969 946
969 1201
970 1201
970 45
970 49
971 578
971 203
971 205
971 411
971 204
972 21
972 22
972 314
972 565
973 946
973 1201
973 45
974 45
974 49
974 827
974 945
974 48
974 918
974 1032
974 1201
975 850
975 108
975 147
976 192
976 398
976 833
977 1201
977 45
977 49
977 827
978 49
978 827
978 945
978 48
979 178
979 180
979 564
980 45
980 49
980 827
980 945
981 827
981 945
981 48
981 918
982 182
982 850
982 108
982 147
983 850
983 108
983 147
983 181
984 49
984 827
984 945
984 48
985 945
985 48
985 918
985 1032
986 212
986 309
986 310
986 211
987 227
987 874
987 948
988 874
988 948
988 226
989 827
989 945
989 48
989 918
989 1032
990 48
990 918
990 1032
990 1201
991 817
991 108
991 149
992 108
992 149
992 184
993 945
993 48
993 918
993 1032
994 918
994 1032
994 1201
995 199
995 201
995 407
996 796
996 83
996 215
996 217
997 48
997 918
997 1032
997 1201
998 1032
998 1201
998 51
999 201
999 407
999 681
999 200
1000 873
1000 894
1000 87
1000 219
1001 918
1001 1032
1001 1201
1001 51
1002 1201
1002 51
1002 354
1002 911
1003 407
1003 681
1003 200
1003 202
1004 308
1004 310
1004 345
1004 483
1005 1032
1005 1201
1005 51
1005 354
1006 51
1006 354
1006 911
1006 1199
1006 1201
1007 681
1007 200
1007 202
1007 408
1008 890
1008 88
1008 220
1009 1201
1009 51
1009 354
1010 354
1010 911
1010 1199
1010 1201
1011 200
1011 202
1011 408
1011 574
1012 202
1012 408
1012 574
1013 51
1013 354
1013 911
1013 1199
1014 911
1014 1199
1014 1201
1015 173
1015 569
1015 172
1015 454
1015 569
1016 569
1016 172
1016 454
1017 354
1017 911
1017 1199
1017 1201
1018 1199
1018 1201
1018 50
1018 52
1019 76
1019 209
1019 211
1019 414
1020 209
1020 211
1020 414
1020 609
1021 911
1021 1199
1021 1201
1021 50
1022 1201
1022 50
1022 52
1022 355
1023 52
1023 355
1023 912
1023 51
1024 517
1024 578
1024 755
1024 756
1025 299
1025 743
1025 243
1025 245
1026 1199
1026 1201
1026 50
1026 52
1027 50
1027 52
1027 355
1027 912
1027 51
1028 52
1028 355
1028 912
1028 51
1029 65
1029 129
1029 665
1029 64
1029 66
1030 209
1030 211
1030 414
1031 299
1031 743
1031 243
1031 245
1032 1201
1032 50
1032 52
1032 355
1033 65
1033 129
1033 665
1033 64
1034 73
1034 205
1034 207
1034 270
1035 205
1035 207
1035 270
1035 413
1036 271
1036 756
1036 77
1036 270
1037 1199
1037 1201
1037 50
1037 52
1038 1201
1038 50
1038 52
1038 355
1039 355
1039 912
1039 51
1040 129
1040 665
1040 64
1040 66
1041 299
1041 743
1041 243
1041 245
1042 52
1042 355
1042 912
1042 51
1043 912
1043 51
1043 53
1043 356
1044 665
1044 64
1044 66
1044 130
1044 666
1045 719
1045 195
1045 197
1045 403
1046 355
1046 912
1046 51
1046 53
1047 51
1047 53
1047 356
1048 64
1048 66
1048 130
1048 666
1048 1027
1048 65
1048 67
1049 839
1049 221
1049 223
1049 789
1050 223
1050 789
1050 222
1051 789
1051 222
1051 224
1051 800
1052 912
1052 51
1052 53
1053 53
1053 356
1053 434
1053 52
1054 66
1054 130
1054 666
1054 1027
1055 273
1055 344
1055 212
1055 309
1055 343
1056 51
1056 53
1056 356
1056 434
1057 356
1057 434
1057 52
1058 130
1058 666
1058 1027
1058 65
1059 938
1059 1201
1059 96
1059 100
1060 53
1060 356
1060 434
1061 434
1061 52
1061 54
1061 357
1062 1027
1062 65
1062 67
1063 230
1063 232
1063 760
1063 761
1064 356
1064 434
1064 52
1065 52
1065 54
1065 357
1065 865
1066 67
1066 131
1067 232
1067 760
1067 761
1068 434
1068 52
1069 54
1069 357
1069 865
1070 131
1070 66
1070 68
1071 72
1071 168
1072 52
1072 54
1072 357
1073 357
1073 865
1074 66
1074 68
1075 176
1075 588
1076 1201
1076 26
1077 54
1077 357
1077 865
1078 68
1078 132
1079 588
1079 868
1079 16
1080 21
1080 23
1081 1201
1081 26
1082 132
1082 1027
1083 868
1083 16
1084 21
1084 23
1084 699
1085 55
1085 54
1086 1027
1086 62
1087 16
1087 175
1088 53
1088 55
1089 54
1089 56
1090 865
1091 62
1091 67
1092 875
1092 1139
1093 175
1093 589
1094 55
1094 54
1095 913
1095 55
1096 67
1096 133
1096 581
1097 243
1097 245
1097 300
1098 244
1098 301
1098 773
1099 271
1099 756
1099 77
1100 865
1100 913
1101 55
1101 866
1102 271
1102 794
1103 237
1103 290
1104 55
1104 54
1105 56
1105 865
1105 913
1106 913
1106 55
1107 133
1107 581
1108 78
1108 271
1109 875
1109 1139
1110 1201
1110 92
1111 1201
1111 144
1112 175
1112 589
1112 869
1113 869
1113 17
1114 413
1114 206
1115 237
1115 290
1116 54
1116 56
1117 865
1117 913
1118 78
1118 271
1119 144
1119 146
1120 243
1120 245
1121 271
1121 756
1122 56
1122 865
1123 866
1123 914
1124 55
1124 866
1125 271
1125 794
1126 801
1126 223
1127 260
1127 880
1128 880
1128 1060
1129 271
1129 756
1130 1201
1130 58
1131 794
1131 71
1132 1201
1132 258
1133 271
1133 756
1134 914
1134 1201
1135 58
1135 59
1136 997
1136 1121
1137 1121
1137 29
1138 71
1138 77
1139 1201
1139 58
1140 59
1140 662
1140 988
1141 1121
1141 29
1142 58
1142 59
1143 662
1143 988
1144 988
1144 57
1144 663
1145 408
1145 574
1145 576
1146 240
1146 242
1147 59
1147 662
1148 988
1148 57
1149 85
1149 87
1150 271
1150 756
1151 59
1151 662
1152 662
1152 988
1153 57
1153 663
1153 863
1154 77
1154 79
1154 272
1155 240
1155 242
1156 271
1156 756
1157 988
1157 57
1158 663
1158 863
1159 971
1159 229
1160 271
1160 756
1161 57
1161 663
1162 863
1162 1201
1163 272
1163 340
1164 271
1164 756
1165 663
1165 863
1166 1201
1166 57
1167 135
1167 584
1168 292
1168 976
1169 271
1169 756
1170 863
1170 1201
1171 57
1171 60
1171 664
1172 135
1172 584
1173 237
1173 239
1174 1201
1174 57
1175 60
1175 664
1176 584
1176 677
1177 424
1177 240
1178 57
1178 60
1179 664
1179 1019
1180 87
1180 219
1181 677
1181 686
1182 197
1182 403
1183 60
1183 664
1184 1019
1184 1109
1185 87
1185 219
1186 928
1186 239
1187 664
1187 1019
1188 1109
1188 59
1189 96
1189 100
1190 686
1190 1201
1191 976
1191 978
1192 305
1192 1072
1193 1019
1193 1109
1194 96
1194 100
1195 1201
1195 5
1196 300
1196 772
1197 271
1197 756
1197 77
1198 177
1198 869
1198 1069
1199 869
1199 1069
1199 1120
1200 45
1200 909
1201 61
1201 669
1201 988
1201 1020
1201 60
1201 62
1201 580
1201 61
1201 68
1201 127
1201 669
1201 997
1201 1121
1201 29
1201 64
1201 128
1201 1201
1201 63
1201 65
1201 129
1201 665
1201 64
1201 66
1201 130
1201 666
1201 1027
1201 65
1201 67
1201 131
1201 66
1201 68
1201 132
1201 1027
1201 62
1201 67
1201 133
1201 581
1201 997
1201 70
1201 338
1201 339
1201 786
1201 1201
1201 69
1201 71
1201 272
1201 1113
1201 1201
1201 70
1201 78
1201 272
1201 1067
1201 1201
1201 73
1201 169
1201 414
1201 1201
1201 72
1201 74
1201 206
1201 208
1201 373
1201 73
1201 75
1201 270
1201 74
1201 76
1201 208
1201 270
1201 75
1201 77
1201 209
1201 210
1201 307
1201 310
1201 76
1201 78
1201 271
1201 794
1201 71
1201 77
1201 79
1201 272
1201 340
1201 841
1201 1067
1201 78
1201 80
1201 1067
1201 1201
1201 79
1201 81
1201 841
1201 1201
1201 80
1201 82
1201 840
1201 1201
1201 81
1201 83
1201 816
1201 1201
1201 82
1201 84
1201 216
1201 579
1201 1052
1201 1201
1201 83
1201 85
1201 579
1201 873
1201 1201
1201 84
1201 86
1201 873
1201 1201
1201 85
1201 87
1201 219
1201 1201
1201 86
1201 88
1201 220
1201 1201
1201 87
1201 89
1201 221
1201 1201
1201 88
1201 90
1201 801
1201 802
1201 89
1201 91
1201 806
1201 1201
1201 90
1201 92
1201 874
1201 935
1201 1201
1201 91
1201 93
1201 875
1201 1139
1201 1201
1201 92
1201 94
1201 876
1201 1201
1201 93
1201 877
1201 938
1201 1201
1201 96
1201 100
1201 375
1201 904
1201 905
1201 987
1201 95
1201 97
1201 376
1201 377
1201 641
1201 96
1201 98
1201 775
1201 97
1201 99
1201 246
1201 247
1201 377
1201 98
1201 302
1201 303
1201 1201
1201 95
1201 378
1201 903
1201 1135
1201 1201
1201 102
1201 111
1201 694
1201 695
1201 699
1201 728
1201 1111
1201 101
1201 103
1201 699
1201 700
1201 23
1201 102
1201 104
1201 886
1201 24
1201 103
1201 105
1201 317
1201 25
1201 104
1201 106
1201 363
1201 1112
1201 105
1201 820
1201 1112
1201 1201
1201 108
1201 147
1201 148
1201 149
1201 1201
1201 107
1201 109
1201 182
1201 183
1201 108
1201 110
1201 704
1201 817
1201 109
1201 111
1201 705
1201 728
1201 818
1201 991
1201 101
1201 110
1201 695
1201 113
1201 378
1201 639
1201 968
1201 1000
1201 1068
1201 112
1201 114
1201 968
1201 980
1201 113
1201 115
1201 969
1201 981
1201 114
1201 116
1201 967
1201 982
1201 115
1201 117
1201 773
1201 774
1201 116
1201 118
1201 245
1201 246
1201 117
1201 301
1201 302
1201 1201
1201 639
1201 640
1201 1068
1201 1201
1201 121
1201 429
1201 1198
1201 1201
1201 120
1201 122
1201 431
1201 1007
1201 121
1201 123
1201 431
1201 122
1201 124
1201 432
1201 1007
1201 123
1201 125
1201 432
1201 124
1201 126
1201 844
1201 1188
1201 125
1201 845
1201 1189
1201 1201
1201 62
1201 580
1201 674
1201 675
1201 1201
1201 63
1201 129
1201 134
1201 1201
1201 64
1201 128
1201 130
1201 134
1201 65
1201 129
1201 131
1201 686
1201 66
1201 130
1201 132
1201 687
1201 67
1201 131
1201 133
1201 688
1201 68
1201 132
1201 676
1201 128
1201 129
