15 29
15 65
15 84
15 114
15 103
15 106
15 91
15 23
15 59
15 104
15 0
15 64
29 68
29 28
29 32
29 25
29 48
29 67
29 52
29 21
29 108
29 50
65 98
65 12
65 66
65 78
114 63
68 88
28 43
28 56
38 41
38 79
38 71
38 112
38 113
38 74
38 57
38 36
38 39
38 62
38 55
38 37
41 98
41 69
41 10
41 22
41 40
41 47
41 95
41 75
41 60
79 87
79 54
79 81
79 80
79 99
71 70
71 96
112 42
112 73
112 49
113 20
113 33
98 11
98 44
98 94
98 76
69 7
69 35
87 5
87 102
87 4
87 77
87 85
87 90
87 110
87 72
87 17
54 82
5 109
102 30
7 51
70 9
70 1
70 16
70 18
70 19
70 27
9 2
9 105
9 58
9 31
9 46
9 6
1 107
1 14
1 24
1 53
18 45
2 86
2 89
2 93
107 13
107 111
107 26
107 92
107 83
13 61
13 8
26 34
26 100
26 3
30 97
30 101
