0 27
0 40
0 18
0 17
0 16
0 15
0 14
0 13
0 10
0 4
0 3
0 5
0 1
0 2
1 29
1 19
1 18
1 12
1 11
1 4
1 5
1 2
2 28
2 41
2 40
2 19
2 20
2 21
2 22
2 23
2 24
2 25
2 26
2 10
2 5
3 8
3 6
3 7
3 5
3 4
4 12
4 11
4 8
4 7
4 5
5 12
5 10
5 8
6 9
6 7
6 8
7 9
7 8
8 9
9 51
11 12
13 14
14 15
15 16
16 17
17 18
19 20
20 21
21 22
22 23
23 24
24 25
25 26
27 41
27 42
27 34
27 33
27 32
27 31
27 30
27 29
27 28
28 41
28 35
28 34
28 29
29 38
29 37
29 36
29 35
30 31
30 39
31 39
31 32
32 39
32 33
33 39
33 34
34 36
34 37
34 38
34 39
34 35
35 36
36 37
37 38
38 39
40 48
40 47
40 41
40 42
41 46
41 50
41 42
42 49
42 43
43 49
43 47
43 44
44 45
45 46
46 50
46 48
47 48
49 50
51 52
51 58
51 57
51 59
51 56
52 53
52 58
53 60
53 54
53 58
54 60
54 55
54 57
54 58
55 60
55 61
55 56
55 57
56 61
56 57
56 59
57 58
57 59
60 61
