0 7
0 18
0 31
1 36
1 39
1 49
1 64
2 10
2 25
2 30
2 56
3 16
3 24
3 59
3 61
4 12
4 22
4 30
4 33
4 57
5 16
5 27
6 7
6 15
6 18
6 41
7 24
7 61
8 9
8 13
8 16
8 27
8 59
9 34
9 53
10 46
10 56
10 63
11 22
11 25
11 42
11 55
12 22
12 28
12 62
13 21
13 34
13 45
13 58
14 19
14 33
14 42
14 52
14 60
15 35
16 21
17 18
17 23
17 31
17 41
17 51
18 35
18 37
19 46
19 52
19 55
20 34
20 45
21 47
21 61
22 42
23 37
23 40
25 30
25 55
26 36
26 43
26 60
26 62
27 53
28 32
28 44
28 62
28 64
29 31
29 45
29 51
29 58
30 57
31 47
31 61
32 36
32 48
33 44
33 53
35 48
36 43
36 64
37 48
38 43
38 49
38 52
38 63
39 49
39 50
39 56
40 51
41 54
41 61
42 60
43 52
44 50
44 57
44 64
45 47
46 55
46 63
49 63
50 56
50 57
51 54
54 58
58 59
58 61
60 62
