0 9
0 24
0 26
0 27
0 31
0 33
0 34
0 37
0 38
0 41
0 42
0 43
0 44
0 45
0 51
0 52
0 53
0 57
0 58
0 59
0 60
0 63
0 64
0 67
0 68
0 70
0 71
0 75
0 76
0 81
0 82
0 83
0 85
0 88
0 90
0 91
0 92
0 93
0 95
0 99
0 102
0 103
0 104
0 105
0 107
0 109
0 110
1 56
1 72
2 17
2 29
2 73
2 98
3 9
3 28
3 37
3 49
3 51
3 57
3 61
3 75
3 76
3 78
3 85
3 95
3 104
4 18
4 39
4 54
4 55
4 78
4 80
5 28
5 33
5 34
5 44
5 46
5 52
5 68
5 82
5 83
5 102
6 18
6 39
6 55
6 79
7 10
7 19
7 20
7 50
7 66
7 69
7 79
7 86
7 100
7 101
8 24
8 26
8 31
8 38
8 41
8 42
8 43
8 45
8 46
8 49
8 53
8 58
8 59
8 60
8 61
8 63
8 64
8 67
8 70
8 71
8 81
8 83
8 88
8 90
8 91
8 92
8 93
8 95
8 99
8 103
8 105
8 107
8 109
8 110
9 0
9 3
10 7
10 11
11 10
11 19
11 20
11 50
11 66
11 69
11 86
11 100
11 101
12 21
12 23
12 48
12 54
12 62
12 77
12 80
12 97
13 23
13 25
13 40
13 47
13 62
13 65
13 74
13 80
13 87
13 94
13 96
13 108
14 89
14 106
15 21
15 25
15 40
15 47
15 48
15 54
15 55
15 65
15 74
15 77
15 80
15 87
15 94
15 96
15 97
15 108
16 17
16 27
16 56
16 72
16 98
17 2
17 16
18 4
18 6
19 7
19 11
20 7
20 11
21 12
21 15
22 56
22 73
22 84
23 12
23 13
24 0
24 8
25 13
25 15
26 0
26 8
27 0
27 16
28 3
28 5
29 2
29 30
30 29
30 106
31 0
31 8
32 84
32 89
33 0
33 5
34 0
34 5
34 35
34 36
35 34
35 80
36 34
36 80
37 0
37 3
38 0
38 8
39 4
39 6
40 13
40 15
41 0
41 8
42 0
42 8
43 0
43 8
44 0
44 5
45 0
45 8
46 5
46 8
47 13
47 15
48 12
48 15
49 3
49 8
50 7
50 11
51 0
51 3
52 0
52 5
53 0
53 8
54 4
54 12
54 15
55 4
55 6
55 15
56 1
56 16
56 22
57 0
57 3
58 0
58 8
59 0
59 8
60 0
60 8
61 3
61 8
62 12
62 13
63 0
63 8
64 0
64 8
65 13
65 15
66 7
66 11
67 0
67 8
68 0
68 5
69 7
69 11
70 0
70 8
71 0
71 8
72 1
72 16
73 2
73 22
74 13
74 15
75 0
75 3
76 0
76 3
77 12
77 15
78 3
78 4
79 6
79 7
80 4
80 12
80 13
80 15
80 35
80 36
81 0
81 8
82 0
82 5
83 0
83 5
83 8
84 22
84 32
85 0
85 3
86 7
86 11
87 13
87 15
88 0
88 8
89 14
89 32
90 0
90 8
91 0
91 8
92 0
92 8
93 0
93 8
94 13
94 15
95 0
95 3
95 8
96 13
96 15
97 12
97 15
98 2
98 16
99 0
99 8
100 7
100 11
101 7
101 11
102 0
102 5
103 0
103 8
104 0
104 3
105 0
105 8
106 14
106 30
107 0
107 8
108 13
108 15
109 0
109 8
110 0
110 8
