0 226
1 6
1 7
1 8
1 11
1 20
1 28
1 30
1 33
1 35
1 39
1 40
1 62
1 100
1 181
1 226
1 229
1 244
1 260
1 275
1 294
1 334
1 353
1 378
1 414
1 419
1 426
1 442
1 469
1 504
1 506
1 517
1 522
1 524
1 525
1 526
1 527
1 531
1 532
1 534
1 539
1 541
1 542
1 543
1 547
1 549
1 550
1 551
1 552
1 554
1 558
1 560
1 562
1 563
1 564
1 566
1 567
1 568
1 569
1 574
1 577
1 578
1 579
1 580
1 584
1 585
1 586
1 708
1 721
1 729
1 788
1 811
1 813
1 817
1 818
1 826
1 905
1 906
1 907
1 908
1 922
1 923
1 924
1 925
1 926
1 927
1 929
1 930
1 931
1 933
1 934
1 936
1 937
1 957
1 976
1 977
1 978
1 988
1 989
1 991
1 1007
1 1013
1 1014
1 1015
1 1017
1 1018
1 1019
1 1026
1 1027
1 1070
1 1088
1 1
2 20
2 28
2 30
2 33
2 35
2 39
2 40
2 62
2 100
2 181
2 226
2 229
2 244
2 260
2 275
2 294
2 334
2 353
2 378
2 414
2 419
2 426
2 442
2 469
2 504
2 506
2 517
3 28
3 30
3 33
3 35
3 39
4 30
4 33
5 39
5 40
6 275
6 294
6 334
6 353
6 378
6 414
6 419
6 426
6 442
6 469
6 504
6 506
6 517
6 522
6 524
6 525
6 526
6 527
6 531
6 532
7 442
7 469
7 504
7 506
7 517
7 522
7 524
7 525
7 526
7 527
7 531
7 532
7 534
7 539
7 541
7 542
7 543
7 547
7 549
7 550
7 551
7 552
8 504
8 506
8 517
8 522
8 524
8 525
8 526
9 522
9 524
10 525
10 526
10 527
10 531
10 532
10 534
10 539
10 541
10 542
11 532
11 534
11 539
12 534
12 539
13 578
13 579
14 991
14 1007
15 544
15 552
16 570
16 729
16 776
16 784
16 982
16 67
16 295
16 3
16 4
16 179
16 740
16 1
17 784
17 982
18 980
18 1023
19 285
19 288
20 6
20 458
20 1
20 272
20 7
20 255
20 740
20 852
20 1
21 15
21 76
22 543
22 1
23 129
23 365
23 2
23 255
23 851
23 105
23 244
23 181
23 600
23 229
23 708
23 973
23 932
23 939
23 263
23 402
23 417
23 533
24 4
24 34
24 224
25 173
25 210
26 1021
26 258
27 23
27 90
28 779
28 13
29 332
29 113
29 639
29 132
30 1
30 327
30 402
30 459
30 122
30 441
30 318
30 470
30 74
30 212
30 7
31 402
31 459
32 473
32 79
32 142
32 198
33 430
33 82
33 144
33 1009
33 80
33 294
33 593
33 143
33 288
33 287
33 299
33 587
33 647
33 84
33 588
33 23
33 222
33 166
33 631
34 144
34 1009
34 80
34 294
35 1009
35 80
35 294
36 80
36 294
36 593
37 294
37 593
37 143
38 287
38 299
38 587
39 299
39 587
40 647
40 84
40 588
40 23
40 222
40 166
41 166
41 631
42 86
42 148
43 148
43 88
44 88
44 596
45 1051
45 529
46 950
46 182
47 182
47 638
47 20
48 638
48 20
49 20
49 206
50 520
50 23
50 101
51 24
51 157
52 23
52 405
53 189
53 947
54 947
54 594
54 1011
55 594
55 1011
56 93
56 900
57 900
57 782
58 782
58 883
59 883
59 1090
59 46
60 647
60 648
60 161
60 298
61 298
61 681
61 85
61 164
61 332
61 387
61 424
61 602
62 681
62 85
62 164
62 332
62 387
62 424
62 602
62 2
62 165
62 221
62 391
62 687
62 141
62 466
62 202
62 251
63 85
63 164
63 332
64 164
64 332
65 602
65 2
66 2
66 165
67 165
67 221
68 959
68 227
69 23
69 289
70 791
70 912
71 338
71 6
72 167
72 631
73 317
73 901
74 543
74 498
75 498
75 640
76 324
76 427
76 570
77 716
77 797
78 797
78 176
78 568
78 23
79 176
79 568
79 23
80 568
80 23
80 404
81 249
81 784
82 784
82 854
82 249
82 661
82 757
82 1
82 48
82 143
82 202
82 212
82 216
83 854
83 249
84 249
84 661
85 661
85 757
85 1
86 757
86 1
87 48
87 143
88 143
88 202
89 202
89 212
90 216
90 311
91 311
91 333
92 367
92 391
93 391
93 422
93 465
94 1035
94 3
95 62
95 242
96 242
96 243
97 243
97 33
98 137
98 343
99 343
99 603
100 643
100 708
100 958
100 959
101 522
101 539
102 521
102 64
103 64
103 719
104 719
104 66
105 516
105 30
106 30
106 82
107 82
107 963
107 1
108 730
108 43
108 645
109 43
109 645
109 52
110 582
110 75
111 110
111 201
112 2
112 6
113 534
113 539
114 550
114 551
115 574
115 577
116 845
116 896
117 366
117 406
118 613
118 840
118 900
119 81
119 97
120 163
120 255
121 334
121 188
121 732
122 1020
122 1
122 82
123 991
123 1025
124 113
124 639
125 142
125 198
126 198
126 312
127 1009
127 80
128 206
128 520
128 23
129 424
129 602
130 2
130 165
130 221
131 2
131 233
131 496
132 317
132 901
132 62
132 121
133 98
133 176
134 176
134 390
134 719
135 558
135 183
136 1
136 48
137 562
137 949
137 156
137 494
138 521
138 64
139 11
139 20
140 244
140 260
141 74
141 104
141 156
142 530
142 776
142 690
143 698
143 238
143 342
143 210
143 582
144 244
144 260
144 275
144 294
144 334
144 353
144 378
144 414
145 567
145 568
145 569
146 7
146 8
147 627
147 792
147 793
147 936
147 572
147 700
147 708
148 2
148 6
149 426
149 442
149 469
150 569
150 574
151 9
151 34
151 59
152 672
152 829
153 301
153 395
154 939
154 263
154 402
154 417
154 533
155 664
155 665
156 800
156 842
156 942
156 952
156 99
156 173
156 210
157 529
157 950
158 687
158 141
159 592
159 619
160 675
160 701
161 576
161 134
162 779
162 839
163 886
163 70
164 284
164 529
165 480
165 678
166 568
166 23
167 714
167 779
168 2
168 6
169 469
169 504
170 526
170 527
171 817
171 818
171 826
171 905
171 906
171 907
171 908
171 922
171 923
171 924
171 925
171 926
171 927
171 929
171 930
172 1015
172 1017
172 1018
173 409
173 548
174 121
174 349
175 521
175 597
176 116
176 948
176 151
176 440
176 67
176 117
176 442
176 683
177 312
177 430
178 430
178 82
179 143
179 288
179 287
179 299
179 587
179 647
180 288
180 287
181 596
181 162
181 648
181 1051
181 529
182 20
182 206
182 520
182 23
182 101
183 189
183 947
183 594
184 509
184 535
184 647
184 648
185 377
185 606
186 606
186 796
186 426
187 796
187 426
187 558
187 183
187 185
188 249
188 784
189 75
189 428
189 66
190 2
190 6
191 14
191 108
191 184
192 70
192 403
193 455
193 480
194 547
194 641
194 659
195 963
195 1
196 1
196 334
197 35
197 39
197 40
197 62
198 698
198 238
198 342
198 210
199 33
199 35
200 524
200 525
200 526
201 569
201 574
202 1033
202 6
202 10
202 175
202 2
202 79
202 209
202 903
202 33
202 80
202 204
203 80
203 204
203 657
204 427
204 570
204 323
205 784
205 854
206 730
206 43
206 645
207 110
207 201
208 2
208 6
209 45
209 426
210 886
210 70
210 403
210 159
210 240
211 1039
211 24
212 391
212 687
212 141
212 466
212 202
212 251
212 630
212 641
212 320
213 905
213 906
214 306
214 32
215 18
215 57
215 3
215 617
215 1
215 27
215 59
216 359
216 481
216 214
216 716
217 506
217 517
218 239
218 338
219 16
219 2
219 6
219 7
219 8
220 74
220 104
221 381
221 390
221 827
221 923
221 1026
221 1088
222 202
222 221
222 458
223 62
223 108
223 259
224 84
224 588
225 101
225 1039
226 1090
226 46
226 509
227 791
227 912
228 1039
228 355
229 513
229 62
229 107
229 239
229 338
229 6
230 409
230 443
231 586
231 708
232 76
232 163
232 255
232 275
233 7
233 8
234 8
234 11
235 529
235 530
236 627
236 646
236 785
237 2
237 6
238 350
238 396
239 200
239 334
240 660
240 83
241 2
241 233
242 660
242 364
242 1032
243 33
243 93
243 371
244 93
244 371
244 409
244 443
244 640
244 665
244 891
244 2
244 137
244 343
244 603
244 643
244 708
244 958
244 959
244 392
244 411
244 417
244 442
244 487
244 532
244 784
244 295
244 595
244 29
244 32
244 47
244 522
245 896
245 1035
246 288
246 287
246 299
246 587
246 647
246 84
246 588
246 23
246 222
246 166
246 631
246 86
247 1039
247 355
247 425
247 165
248 16
248 78
249 403
249 159
249 240
250 721
250 729
250 788
250 811
250 813
250 817
250 818
250 826
251 922
251 923
251 924
251 925
251 926
251 927
251 929
251 930
252 978
252 988
253 47
253 60
253 134
253 154
253 191
254 396
254 466
255 470
255 519
255 520
255 525
255 553
255 583
255 585
256 521
256 522
256 529
257 740
257 1
258 852
258 1
259 187
259 259
259 804
260 259
260 804
260 860
260 861
261 861
261 862
262 708
262 973
263 939
263 263
264 596
264 162
265 306
265 32
266 323
266 581
267 704
267 901
267 1073
268 466
268 470
268 519
268 520
269 530
269 776
270 681
270 85
270 164
270 332
271 530
271 776
272 186
272 455
273 1066
273 18
274 418
274 984
275 20
275 28
275 30
276 62
276 108
277 2
277 6
277 7
277 8
278 899
278 143
279 28
279 30
280 124
280 177
281 627
281 646
282 283
282 532
283 2
283 6
284 894
284 922
285 284
285 285
286 661
286 777
287 614
287 943
288 943
288 944
288 945
288 537
289 944
289 945
290 945
290 537
291 537
291 615
292 295
292 595
293 414
293 23
293 110
294 181
294 226
294 229
294 244
294 260
294 275
295 826
295 905
296 839
296 886
296 901
296 908
297 124
297 177
298 6
298 458
298 1
298 272
298 7
298 255
299 60
299 106
300 2
300 6
301 577
301 578
302 936
302 937
303 18
303 171
303 246
304 617
304 1
305 588
305 77
306 69
306 81
307 275
307 449
308 430
308 4
309 468
309 853
310 639
310 132
311 652
311 72
312 294
312 593
313 240
313 98
314 185
314 186
315 784
315 854
316 33
316 93
317 32
317 47
318 64
318 719
319 35
319 39
320 567
320 568
321 779
321 13
322 14
322 108
323 2
323 6
324 558
324 183
325 214
325 660
326 28
326 30
327 923
327 924
328 529
328 692
329 340
329 366
330 473
330 79
331 1090
331 46
332 544
332 672
333 57
333 442
334 88
334 596
334 162
334 648
334 1051
335 2
335 6
336 94
336 538
337 2
337 6
338 6
338 7
339 811
339 813
340 61
340 92
341 1011
341 1020
342 47
342 522
342 539
343 376
343 806
343 315
344 176
344 568
345 298
345 377
346 84
346 588
347 363
347 366
348 179
348 370
349 34
349 59
350 543
350 1
350 494
350 1
351 922
351 1071
352 515
352 1
353 583
353 585
354 932
354 939
355 6
355 7
356 124
356 177
357 244
357 283
358 1017
358 1018
359 980
359 1023
360 544
360 552
361 33
361 212
362 784
362 982
363 959
363 227
364 732
364 197
365 212
365 216
366 465
366 489
366 509
367 366
367 544
367 672
367 829
367 1041
367 123
368 221
368 249
369 1007
369 574
369 1021
370 587
370 647
370 84
370 588
370 23
370 222
370 166
371 365
371 2
371 255
372 312
372 430
372 82
373 471
373 62
374 973
374 932
374 939
375 151
375 440
376 259
376 804
376 860
377 212
377 569
377 40
378 8
378 11
379 524
379 525
380 535
380 556
381 6
381 868
382 20
382 28
383 35
383 39
384 372
384 475
385 6
385 7
386 907
386 908
387 760
387 839
388 191
388 662
389 522
389 524
390 908
390 922
390 923
391 827
391 923
391 1026
391 1088
392 531
392 618
393 618
393 703
394 703
394 780
395 156
395 494
395 521
395 64
396 963
396 1
397 2
397 6
398 923
398 924
399 5
399 18
400 1066
400 9
400 34
400 59
401 1026
401 1088
402 202
402 221
403 841
403 69
404 85
404 164
405 108
405 184
406 481
406 214
406 716
407 214
407 716
408 791
408 912
409 493
409 494
409 539
410 159
410 240
411 547
411 641
412 1006
412 1007
413 989
413 991
414 156
414 238
415 839
415 557
415 588
416 236
416 282
417 522
417 539
417 562
418 647
418 648
419 1
419 334
420 282
420 284
421 740
421 852
422 229
422 244
422 260
422 275
422 294
423 930
423 931
424 461
424 471
424 491
424 527
425 1039
425 374
425 1035
425 3
425 24
425 25
426 353
426 378
426 414
426 419
427 933
427 934
428 77
428 672
429 162
429 648
430 588
430 77
431 883
431 1090
432 534
432 539
433 957
433 976
434 977
434 978
435 26
435 110
436 28
436 30
437 1014
437 1015
438 255
438 740
439 48
439 473
440 506
440 517
441 442
441 171
442 165
442 737
442 223
442 248
442 493
442 513
442 62
442 107
442 239
442 338
442 6
442 798
442 44
442 728
442 982
442 151
442 288
442 16
442 137
442 244
442 273
442 493
442 494
442 539
442 546
442 661
442 777
442 794
442 492
442 539
442 655
442 61
442 167
442 631
442 317
442 901
442 62
442 121
442 543
442 498
442 640
442 519
443 62
443 100
444 779
444 13
444 442
445 74
445 104
445 156
445 238
446 314
446 61
447 945
447 537
447 615
448 1067
448 670
449 574
449 577
450 1018
450 1019
451 898
451 923
452 577
452 578
452 579
452 580
452 584
452 585
453 1027
453 1070
454 283
454 532
455 353
455 378
456 901
456 1073
457 526
457 527
458 578
458 579
458 580
458 584
458 585
458 586
458 708
459 1026
459 1027
460 284
460 285
460 288
460 363
460 366
461 170
461 332
461 113
462 532
462 617
463 537
463 615
464 661
464 757
465 137
465 343
466 643
466 708
467 337
467 730
468 36
468 74
469 264
469 320
470 40
470 47
471 624
471 87
472 813
472 844
473 334
473 188
474 69
474 507
475 134
475 154
475 191
475 251
476 890
476 952
476 967
477 199
477 265
477 340
477 366
478 31
478 444
479 586
479 708
480 154
480 191
480 251
480 296
480 350
480 396
481 779
481 13
482 541
482 689
483 721
483 729
484 459
484 122
485 574
485 1021
485 258
485 281
486 640
486 665
486 891
486 2
487 522
487 524
488 543
488 498
489 525
489 553
489 583
489 585
489 767
489 813
489 844
490 69
490 81
491 390
491 936
492 811
492 813
492 817
493 976
493 977
493 978
494 957
494 976
494 977
494 978
495 222
495 166
496 813
496 817
497 79
497 209
498 353
498 378
498 414
499 151
499 440
500 144
500 663
501 572
501 700
502 579
502 580
503 952
503 99
504 2
504 6
504 7
505 82
505 736
506 221
506 249
507 108
507 259
508 396
508 466
509 444
509 779
509 13
510 1014
510 10
511 113
511 639
512 817
512 818
513 588
513 77
514 28
514 30
515 545
515 212
516 551
516 552
517 350
517 483
517 116
518 907
518 908
519 246
519 1066
520 1066
520 9
521 527
521 843
521 898
521 923
521 979
521 1005
521 1014
521 10
521 57
521 442
521 613
521 1
522 212
522 569
522 40
522 94
523 923
523 924
524 18
524 57
524 3
524 617
524 1
525 562
525 949
525 156
525 494
526 908
526 922
526 923
527 15
527 76
527 163
528 251
528 630
528 641
529 1066
529 18
529 57
529 3
529 617
529 1
530 861
530 862
530 863
531 860
531 861
531 862
531 863
531 864
532 449
532 1
532 61
532 92
533 221
533 391
534 2
534 392
534 623
535 925
535 926
535 927
535 929
535 930
535 931
535 933
535 934
535 936
535 937
535 957
535 976
535 977
535 978
536 391
536 687
537 353
537 378
538 221
538 458
538 535
538 556
538 570
539 908
539 945
539 1
539 29
539 36
539 74
540 993
540 1008
541 927
541 929
541 930
541 931
541 933
542 1
542 27
542 59
543 930
543 931
543 933
543 934
543 936
543 937
543 957
543 976
543 977
543 978
543 988
543 989
543 991
543 1007
544 320
544 471
544 62
544 325
545 698
545 839
546 392
546 623
547 816
547 28
547 601
548 143
548 288
549 967
549 1005
549 1006
550 552
550 562
551 521
551 624
552 275
552 294
552 334
552 353
552 378
552 414
553 1026
553 1088
554 198
554 312
554 430
554 82
555 353
555 378
555 414
556 1007
556 1013
557 716
557 535
557 704
558 378
558 414
558 419
558 426
559 548
559 589
559 629
560 353
560 378
560 414
560 419
560 426
560 442
560 469
561 614
561 664
561 665
562 1071
562 1
562 613
562 840
562 900
562 942
563 889
563 890
563 952
563 967
563 1005
564 630
564 641
564 320
565 156
565 494
565 521
566 937
566 957
566 976
566 977
567 455
567 480
567 678
567 191
567 662
567 716
568 248
568 493
568 513
568 62
568 107
569 616
569 1038
569 174
570 239
570 177
570 880
570 873
570 1067
570 670
570 812
570 461
570 983
570 528
570 672
571 549
571 550
572 441
572 318
572 470
572 74
573 84
573 588
574 2
574 392
574 623
575 392
575 623
575 675
576 676
576 698
576 839
577 275
577 449
577 1
578 204
578 1031
578 541
579 926
579 927
579 929
580 886
580 901
580 908
581 264
581 320
582 209
582 903
583 309
583 955
584 136
584 499
585 6
585 7
585 8
586 901
586 908
586 945
587 202
587 221
587 458
588 204
588 657
588 658
589 83
589 405
590 171
590 246
591 991
591 1025
592 381
592 390
593 81
593 97
594 619
594 993
595 201
595 346
596 57
596 442
597 639
597 132
598 578
598 579
599 918
599 7
599 82
600 522
600 524
601 588
601 77
602 928
602 1009
603 477
603 215
604 1051
604 529
605 1018
605 1019
606 104
606 156
607 45
607 426
608 419
608 426
609 1070
609 1088
610 980
610 1023
611 418
611 984
612 125
612 351
613 100
613 181
613 226
613 229
613 244
613 260
613 275
613 294
613 334
613 353
613 378
613 414
613 419
613 426
613 442
613 469
613 504
613 506
613 517
613 522
613 524
613 525
613 526
613 527
613 531
613 532
613 534
613 539
613 541
613 542
613 543
613 547
614 1026
614 1027
614 1070
615 572
615 892
616 664
616 665
616 729
616 800
617 319
617 384
618 728
618 982
619 982
619 151
620 367
620 391
621 509
621 535
622 846
622 907
622 909
623 959
623 227
624 161
624 298
625 700
625 708
626 522
626 524
627 10
627 57
628 175
628 2
629 202
629 251
629 630
630 793
630 936
631 958
631 959
632 539
632 562
633 134
633 154
634 839
634 846
635 372
635 475
636 736
636 153
637 466
637 202
638 312
638 430
639 576
639 622
640 929
640 930
641 59
641 381
641 390
642 535
642 262
642 692
643 663
643 670
644 225
644 523
645 527
645 531
646 189
646 947
647 6
647 7
648 657
648 658
648 659
648 1011
648 1020
648 1
649 708
649 576
650 132
650 576
650 134
650 196
651 907
651 909
652 80
652 204
653 367
653 391
654 28
654 30
655 177
655 236
656 851
656 105
657 287
657 299
657 587
657 647
657 84
658 792
658 793
658 936
659 976
659 142
659 225
660 737
660 223
661 466
661 470
662 892
662 893
663 244
663 181
663 600
664 442
664 683
664 69
665 672
665 144
665 663
666 557
666 635
667 6
667 10
668 171
668 596
669 767
669 813
669 844
670 840
670 900
671 191
671 251
672 250
672 298
672 377
673 517
673 522
674 142
674 225
675 813
675 844
676 161
676 298
676 681
677 845
677 896
678 1021
678 10
679 60
679 134
680 1005
680 1006
681 827
681 923
681 1026
682 38
682 246
683 86
683 148
684 3
684 16
685 708
685 973
685 932
686 780
686 123
687 924
687 925
688 614
688 664
689 7
689 8
690 226
690 229
691 906
691 907
692 529
692 530
692 544
693 533
693 354
694 106
694 172
694 760
694 26
694 110
694 244
695 359
695 481
696 192
696 118
696 306
697 118
697 306
698 165
698 737
699 886
699 70
700 390
700 719
700 874
701 176
701 568
702 23
702 404
703 62
703 242
704 246
704 1066
705 556
705 570
706 82
706 144
706 1009
707 579
707 580
707 584
707 585
708 24
708 25
708 264
708 369
708 442
708 514
709 729
709 776
710 127
710 250
711 569
711 574
711 577
712 27
712 59
713 144
713 663
714 179
714 740
714 1
714 121
714 349
714 686
715 779
715 13
715 442
716 1039
716 24
716 157
716 23
716 405
716 189
717 175
717 328
718 846
718 907
719 273
719 493
719 494
720 670
720 812
721 353
721 378
721 414
722 862
722 863
723 263
723 402
724 613
724 676
725 260
725 275
726 74
726 104
727 320
727 471
728 107
728 239
728 338
729 44
729 728
729 982
730 277
730 579
731 1025
731 170
732 429
732 48
732 473
732 79
733 2
733 6
733 7
734 552
734 554
735 1011
735 1020
736 143
736 288
737 179
737 370
738 296
738 350
739 533
739 354
740 319
740 384
741 562
741 2
742 62
742 107
743 67
743 295
744 442
744 557
745 60
745 401
746 18
746 57
747 250
747 298
748 82
748 139
749 442
749 557
750 548
750 589
751 67
751 295
752 295
752 3
753 623
753 675
754 367
754 1049
755 504
755 506
756 306
756 398
757 364
757 1032
758 641
758 659
759 777
759 1
760 547
760 549
760 550
761 23
761 90
761 213
762 519
762 520
762 525
763 188
763 732
764 62
764 134
765 92
765 140
765 147
766 19
766 171
767 6
767 7
767 8
768 3
768 4
769 73
769 386
770 676
770 698
771 244
771 362
772 285
772 430
773 794
773 492
773 539
773 655
773 61
774 923
774 979
775 63
775 959
776 716
776 535
776 704
777 2
777 255
777 851
777 105
778 955
778 23
779 901
779 908
779 945
779 1
779 29
779 36
779 74
780 692
780 120
780 370
780 627
781 458
781 535
781 556
782 690
782 841
782 69
782 81
782 97
783 95
783 94
784 212
784 7
784 429
784 48
784 473
784 79
784 142
784 198
784 312
784 430
784 82
784 144
785 578
785 579
785 580
786 1019
786 1026
787 349
787 686
788 2
788 72
788 301
789 20
789 28
790 244
790 273
791 543
791 547
791 549
792 786
792 791
792 912
793 409
793 443
793 640
794 199
794 265
794 340
795 861
795 862
796 226
796 229
797 1009
797 1013
798 980
798 1023
798 530
799 143
799 485
800 95
800 94
801 94
801 538
802 166
802 631
803 648
803 1051
803 529
803 950
803 182
804 123
804 185
804 359
804 481
805 355
805 425
805 165
805 737
806 151
806 288
807 72
807 95
808 166
808 631
809 256
809 357
809 531
809 618
810 577
810 578
810 579
810 580
810 584
811 945
811 1
811 29
812 993
812 1008
813 1005
813 1014
813 10
814 480
814 678
815 578
815 579
816 350
816 396
816 466
816 470
817 88
817 596
817 162
818 23
818 477
819 87
819 201
820 142
820 198
821 88
821 596
821 162
822 574
822 577
822 578
822 579
822 580
822 584
822 585
823 206
823 221
824 579
824 580
825 7
825 255
825 740
826 896
826 918
826 7
827 90
827 213
827 545
828 1090
828 46
829 1
829 896
829 918
829 7
830 332
830 387
831 522
831 524
832 788
832 811
832 813
832 817
833 1014
833 1015
834 18
834 171
835 980
835 1023
835 530
836 229
836 708
837 1090
837 46
838 707
838 1039
839 284
839 529
839 1060
839 1
840 729
840 788
840 811
841 249
841 579
842 629
842 650
842 676
843 686
843 767
843 919
844 988
844 989
844 991
845 475
845 521
845 522
846 80
846 204
847 799
847 1095
848 356
848 197
849 409
849 443
850 494
850 521
850 64
851 980
851 1023
851 530
851 776
852 1
852 187
853 299
853 587
853 647
854 627
854 792
854 793
854 936
854 572
855 59
855 149
856 149
856 215
857 852
857 1
857 187
858 82
858 736
858 153
858 517
859 312
859 430
860 108
860 184
860 406
861 641
861 659
861 714
862 659
862 714
862 779
863 714
863 779
863 889
864 23
864 222
864 166
864 631
865 184
865 406
866 226
866 229
867 578
867 579
867 580
867 584
867 585
868 845
868 896
869 822
869 144
870 140
870 244
871 346
871 366
872 47
872 60
872 134
873 301
873 395
874 255
874 851
875 10
875 1066
875 9
876 251
876 630
877 514
877 62
878 568
878 569
879 280
879 516
880 104
880 156
881 596
881 162
881 648
882 2
882 6
883 406
883 627
884 535
884 716
885 238
885 372
886 187
886 259
886 804
887 143
887 288
888 495
888 497
889 2
889 6
889 7
890 554
890 558
890 560
891 907
891 307
891 535
892 430
892 4
892 34
893 172
893 760
893 26
894 16
894 137
895 23
895 90
896 24
896 157
896 23
897 562
897 572
897 892
898 892
898 893
898 894
899 893
899 894
900 23
900 1042
900 36
900 62
901 117
901 442
901 683
902 196
902 115
902 951
903 613
903 840
903 900
904 185
904 359
904 481
905 557
905 635
905 700
905 799
905 1095
906 137
906 244
906 273
907 475
907 521
907 522
907 529
907 530
908 782
908 883
908 1090
909 353
909 378
909 414
910 579
910 614
911 132
911 350
912 1
912 272
913 85
913 164
914 28
914 30
914 33
915 272
915 7
916 1066
916 9
917 861
917 862
918 672
918 144
918 663
919 780
919 123
920 973
920 932
920 939
920 263
920 402
921 246
921 6
922 841
922 69
922 81
923 513
923 62
923 107
923 239
923 338
924 617
924 711
924 712
925 841
925 69
925 81
926 123
926 185
926 359
926 481
926 214
926 716
926 382
926 726
927 920
927 943
927 1057
928 2
928 6
928 7
928 8
929 551
929 552
929 554
929 558
930 1066
930 18
930 57
930 3
930 617
931 381
931 390
931 827
931 923
932 588
932 77
932 672
933 663
933 31
933 787
933 0
933 171
934 491
934 527
934 843
934 898
934 923
935 320
935 543
935 1
935 494
936 263
936 402
936 417
936 533
936 354
937 204
937 657
937 658
938 17
938 88
939 988
939 991
940 127
940 250
941 441
941 318
942 1051
942 529
942 950
942 182
942 638
942 20
942 206
943 201
943 346
943 695
944 703
944 780
944 123
945 235
945 442
945 557
946 165
946 737
946 223
947 1
947 50
948 50
948 344
949 1006
949 1007
950 956
950 966
951 32
951 47
951 522
952 47
952 522
952 539
953 522
953 539
954 1
954 334
955 716
955 535
956 364
956 477
957 335
957 440
957 353
958 7
958 8
959 378
959 414
960 414
960 419
961 544
961 672
962 417
962 533
963 779
963 13
964 7
964 429
965 346
965 695
966 392
966 623
966 675
966 701
966 390
966 936
967 374
967 1035
967 3
968 648
968 956
969 353
969 535
970 15
970 76
971 535
971 262
971 692
971 200
972 939
972 263
973 515
973 1
973 49
973 395
974 10
974 1066
975 7
975 429
976 578
976 579
976 580
976 584
977 919
977 979
977 980
977 1023
977 530
978 979
978 980
978 1023
979 522
979 524
979 525
979 526
980 937
980 957
980 976
980 977
980 978
981 354
981 521
981 597
981 364
982 800
982 842
982 942
982 952
982 99
982 173
982 210
982 257
982 1007
983 13
983 442
984 87
984 201
985 214
985 716
986 344
986 377
987 6
987 7
987 8
988 1009
988 1013
988 5
989 772
989 907
989 307
990 499
990 547
990 106
990 172
991 695
991 705
991 37
991 562
992 959
992 227
992 489
992 59
992 149
993 3
993 24
993 25
993 264
994 24
994 25
995 657
995 658
996 942
996 952
997 1007
997 574
998 779
998 13
998 442
998 171
999 33
999 817
999 127
1000 299
1000 587
1000 647
1000 84
1001 513
1001 62
1002 76
1002 163
1002 255
1002 275
1003 641
1003 320
1004 469
1004 504
1005 517
1005 522
1005 524
1006 550
1006 551
1006 552
1007 430
1007 82
1007 144
1008 166
1008 631
1008 86
1009 189
1009 947
1009 594
1009 1011
1010 952
1010 967
1010 1005
1011 409
1011 548
1011 589
1012 94
1012 538
1012 73
1013 312
1013 430
1013 82
1014 580
1014 584
1014 585
1015 799
1015 1095
1015 23
1016 585
1016 586
1016 708
1016 721
1017 48
1017 473
1017 79
1017 142
1018 504
1018 506
1018 517
1018 522
1018 524
1019 923
1019 924
1019 925
1019 926
1019 927
1019 929
1020 442
1020 514
1020 642
1020 648
1021 2
1021 6
1021 7
1021 8
1022 543
1022 1
1023 558
1023 183
1023 185
1024 335
1024 440
1024 353
1025 1
1025 2
1025 72
1025 301
1026 912
1026 467
1026 515
1026 1
1026 49
1027 542
1027 543
1027 547
1027 549
1028 37
1028 562
1028 2
1028 392
1029 560
1029 562
1029 563
1030 613
1030 1
1030 896
1030 918
1031 531
1031 532
1032 530
1032 776
1032 690
1032 841
1033 20
1033 28
1034 134
1034 745
1035 1
1035 494
1036 31
1036 444
1037 129
1037 365
1038 84
1038 588
1039 557
1039 635
1039 700
1039 799
1040 84
1040 588
1041 142
1041 225
1042 480
1042 678
1043 66
1043 611
1043 23
1044 165
1044 221
1044 391
1045 794
1045 492
1046 377
1046 461
1046 471
1046 491
1046 527
1046 843
1046 898
1046 923
1046 979
1046 1005
1047 334
1047 188
1048 2
1048 165
1049 14
1049 108
1050 576
1050 134
1050 196
1050 115
1051 121
1051 543
1052 442
1052 469
1053 212
1053 136
1053 499
1053 547
1053 106
1053 172
1053 760
1054 381
1055 16
1055 137
1056 900
1056 782
1057 355
1057 425
1058 2
1058 6
1059 517
1059 522
1060 538
1060 73
1061 386
1061 23
1062 63
1062 959
1063 1
1063 121
1064 206
1064 221
1065 1090
1065 46
1066 779
1066 839
1067 121
1067 349
1068 1006
1068 772
1069 839
1069 557
1070 387
1070 424
1070 602
1070 2
1070 165
1071 818
1071 826
1071 905
1072 213
1072 545
1073 585
1073 586
1074 485
1074 762
1075 353
1075 378
1076 787
1076 0
1077 663
1077 31
1078 63
1078 412
1079 353
1079 378
1080 729
1080 776
1081 353
1081 378
1082 566
1082 567
1083 785
1083 231
1084 901
1084 1073
1085 1088
1085 1
1086 173
1086 210
1086 257
1087 353
1088 1070
1088 1088
1088 1
1089 59
1089 381
1090 349
1090 686
1091 521
1091 522
1092 172
1092 544
1093 340
1093 356
1093 197
1094 238
1094 342
1094 210
1095 192
1095 118
