0 1
0 138
1 0
1 24
1 31
1 45
1 145
1 158
2 3
2 19
3 2
3 16
3 18
3 20
3 28
3 31
3 34
3 36
3 38
3 40
3 47
3 60
3 96
3 99
3 117
3 118
3 119
3 145
3 156
3 160
3 161
3 177
4 5
4 50
5 4
6 7
7 6
7 10
7 22
7 25
7 30
7 32
7 45
7 51
7 56
7 65
7 69
7 74
7 76
7 78
7 90
7 94
7 104
7 112
7 123
7 126
7 147
7 149
7 150
7 151
7 152
7 158
7 173
8 9
8 138
9 8
9 99
10 7
10 11
11 10
12 13
12 138
13 12
13 30
13 46
13 117
13 145
13 158
14 15
14 19
15 14
15 158
16 3
16 17
17 16
17 64
17 98
17 111
17 122
18 3
18 19
19 2
19 14
19 18
19 24
19 25
19 26
19 42
19 46
19 70
19 80
19 85
19 102
19 106
19 116
19 122
19 131
19 133
19 134
19 137
19 145
19 154
19 158
19 159
19 172
20 3
20 21
21 20
21 53
21 145
22 7
22 23
23 22
24 1
24 19
25 7
25 19
26 19
26 27
27 26
27 158
28 3
28 29
29 28
29 42
29 83
29 100
29 125
30 7
30 13
31 1
31 3
32 7
32 33
33 32
34 3
34 35
35 34
36 3
36 37
37 36
37 160
38 3
38 39
39 38
40 3
40 41
41 40
42 19
42 29
43 44
43 138
44 43
45 1
45 7
46 13
46 19
47 3
47 48
48 47
48 84
48 145
49 50
49 138
50 4
50 49
50 62
50 64
50 69
50 81
50 87
50 100
50 108
50 116
50 119
50 120
50 139
50 145
50 158
50 162
50 163
50 164
50 165
50 175
51 7
51 52
52 51
53 21
53 138
54 55
54 138
55 54
56 7
56 57
57 56
58 59
58 138
59 58
60 3
60 61
61 60
61 110
61 145
62 50
62 63
63 62
63 162
64 17
64 50
65 7
65 66
66 65
67 68
67 138
68 67
69 7
69 50
70 19
70 71
71 70
72 73
72 128
73 72
74 7
74 75
75 74
75 89
75 118
75 145
76 7
76 77
77 76
78 7
78 79
79 78
80 19
80 138
81 50
81 82
82 81
82 154
83 29
83 128
84 48
84 138
85 19
85 86
86 85
87 50
87 88
88 87
88 165
89 75
89 138
90 7
90 91
91 90
92 93
92 132
93 92
94 7
94 95
95 94
96 3
96 97
97 96
97 101
97 145
98 17
98 128
99 3
99 9
100 29
100 50
101 97
101 138
102 19
102 103
103 102
104 7
104 105
105 104
106 19
106 107
107 106
108 50
108 109
109 108
109 164
110 61
110 138
111 17
111 138
112 7
112 113
113 112
114 115
114 138
115 114
116 19
116 50
117 3
117 13
118 3
118 75
119 3
119 50
120 50
120 121
121 120
122 17
122 19
123 7
123 124
124 123
125 29
125 138
126 7
126 127
127 126
128 72
128 83
128 98
128 129
128 130
128 159
128 178
129 128
129 155
130 128
130 170
131 19
131 132
132 92
132 131
132 133
132 134
132 176
133 19
133 132
134 19
134 132
135 136
135 138
136 135
137 19
137 138
138 0
138 8
138 12
138 43
138 49
138 53
138 54
138 58
138 67
138 80
138 84
138 89
138 101
138 110
138 111
138 114
138 125
138 135
138 137
138 141
138 143
138 144
138 145
138 146
138 166
139 50
139 140
140 139
141 138
141 142
142 141
143 138
144 138
144 171
145 1
145 3
145 13
145 19
145 21
145 48
145 50
145 61
145 75
145 97
145 138
145 174
146 138
147 7
147 148
148 147
149 7
150 7
150 153
151 7
152 7
152 179
153 150
154 19
154 82
155 129
156 3
156 157
157 156
158 1
158 7
158 13
158 15
158 19
158 27
158 50
158 167
158 168
158 169
159 19
159 128
160 3
160 37
161 3
162 50
162 63
163 50
164 50
164 109
165 50
165 88
166 138
167 158
168 158
169 158
170 130
171 144
172 19
173 7
174 145
175 50
176 132
177 3
178 128
179 152
