0 2
0 4
0 8
0 16
0 32
0 64
0 128
0 256
0 512
0 0
1 4
1 8
1 16
1 32
1 64
1 128
1 256
1 512
1 0
1 3
2 16
2 32
2 64
2 128
2 256
2 512
2 0
2 3
2 5
2 9
3 256
3 512
3 0
3 3
3 5
3 9
3 17
3 33
3 65
3 129
4 65
4 129
4 257
4 513
4 0
4 3
4 6
4 10
4 18
4 34
5 7
5 11
5 19
5 35
5 67
5 131
5 259
5 515
5 0
5 5
6 22
6 38
6 70
6 134
6 262
6 518
6 3
6 5
6 6
6 15
7 268
7 524
7 5
7 9
7 12
7 15
7 29
7 45
7 77
7 141
8 89
8 153
8 281
8 537
8 10
8 18
8 24
8 27
8 30
8 58
9 49
9 50
9 55
9 59
9 115
9 179
9 307
9 563
9 20
9 36
10 1
10 2
10 4
10 8
10 16
10 32
10 64
10 128
10 256
10 512
11 8
11 16
11 32
11 64
11 128
11 256
11 512
11 0
11 3
11 5
12 32
12 64
12 128
12 256
12 512
12 0
12 3
12 5
12 9
12 17
13 512
13 0
13 3
13 5
13 9
13 17
13 33
13 65
13 129
13 257
14 129
14 257
14 513
14 0
14 3
14 6
14 10
14 18
14 34
14 66
15 11
15 19
15 35
15 67
15 131
15 259
15 515
15 0
15 5
15 6
16 38
16 70
16 134
16 262
16 518
16 3
16 5
16 6
16 15
16 23
17 524
17 5
17 9
17 12
17 15
17 29
17 45
17 77
17 141
17 269
18 153
18 281
18 537
18 10
18 18
18 24
18 27
18 30
18 58
18 90
19 50
19 55
19 59
19 115
19 179
19 307
19 563
19 20
19 36
19 48
20 1
20 2
20 4
20 8
20 16
20 32
20 64
20 128
20 256
20 512
21 8
21 16
21 32
21 64
21 128
21 256
21 512
21 0
21 3
21 5
22 64
22 128
22 256
22 512
22 0
22 3
22 5
22 9
22 17
22 33
23 0
23 3
23 5
23 9
23 17
23 33
23 65
23 129
23 257
23 513
24 257
24 513
24 0
24 3
24 6
24 10
24 18
24 34
24 66
24 130
25 19
25 35
25 67
25 131
25 259
25 515
25 0
25 5
25 6
25 12
26 70
26 134
26 262
26 518
26 3
26 5
26 6
26 15
26 23
26 39
27 5
27 9
27 12
27 15
27 29
27 45
27 77
27 141
27 269
27 525
28 281
28 537
28 10
28 18
28 24
28 27
28 30
28 58
28 90
28 154
29 55
29 59
29 115
29 179
29 307
29 563
29 20
29 36
29 48
29 53
30 2
30 4
30 8
30 16
30 32
30 64
30 128
30 256
30 512
30 0
31 4
31 8
31 16
31 32
31 64
31 128
31 256
31 512
31 0
31 3
32 128
32 256
32 512
32 0
32 3
32 5
32 9
32 17
32 33
32 65
33 3
33 5
33 9
33 17
33 33
33 65
33 129
33 257
33 513
33 0
34 513
34 0
34 3
34 6
34 10
34 18
34 34
34 66
34 130
34 258
35 35
35 67
35 131
35 259
35 515
35 0
35 5
35 6
35 12
35 20
36 134
36 262
36 518
36 3
36 5
36 6
36 15
36 23
36 39
36 71
37 9
37 12
37 15
37 29
37 45
37 77
37 141
37 269
37 525
37 6
38 537
38 10
38 18
38 24
38 27
38 30
38 58
38 90
38 154
38 282
39 59
39 115
39 179
39 307
39 563
39 20
39 36
39 48
39 53
39 54
40 1
40 2
40 4
40 8
40 16
40 32
40 64
40 128
40 256
40 512
41 32
41 64
41 128
41 256
41 512
41 0
41 3
41 5
41 9
41 17
42 64
42 128
42 256
42 512
42 0
42 3
42 5
42 9
42 17
42 33
43 5
43 9
43 17
43 33
43 65
43 129
43 257
43 513
43 0
43 3
44 0
44 3
44 6
44 10
44 18
44 34
44 66
44 130
44 258
44 514
45 67
45 131
45 259
45 515
45 0
45 5
45 6
45 12
45 20
45 36
46 262
46 518
46 3
46 5
46 6
46 15
46 23
46 39
46 71
46 135
47 12
47 15
47 29
47 45
47 77
47 141
47 269
47 525
47 6
47 10
48 10
48 18
48 24
48 27
48 30
48 58
48 90
48 154
48 282
48 538
49 115
49 179
49 307
49 563
49 20
49 36
49 48
49 53
49 54
49 60
50 2
50 4
50 8
50 16
50 32
50 64
50 128
50 256
50 512
50 0
51 16
51 32
51 64
51 128
51 256
51 512
51 0
51 3
51 5
51 9
52 128
52 256
52 512
52 0
52 3
52 5
52 9
52 17
52 33
52 65
53 9
53 17
53 33
53 65
53 129
53 257
53 513
53 0
53 3
53 6
54 3
54 6
54 10
54 18
54 34
54 66
54 130
54 258
54 514
54 1
55 131
55 259
55 515
55 0
55 5
55 6
55 12
55 20
55 36
55 68
56 518
56 3
56 5
56 6
56 15
56 23
56 39
56 71
56 135
56 263
57 15
57 29
57 45
57 77
57 141
57 269
57 525
57 6
57 10
57 12
58 18
58 24
58 27
58 30
58 58
58 90
58 154
58 282
58 538
58 11
59 179
59 307
59 563
59 20
59 36
59 48
59 53
59 54
59 60
59 116
60 4
60 8
60 16
60 32
60 64
60 128
60 256
60 512
60 0
60 3
61 16
61 32
61 64
61 128
61 256
61 512
61 0
61 3
61 5
61 9
62 128
62 256
62 512
62 0
62 3
62 5
62 9
62 17
62 33
62 65
63 17
63 33
63 65
63 129
63 257
63 513
63 0
63 3
63 6
63 10
64 6
64 10
64 18
64 34
64 66
64 130
64 258
64 514
64 1
64 2
65 259
65 515
65 0
65 5
65 6
65 12
65 20
65 36
65 68
65 132
66 3
66 5
66 6
66 15
66 23
66 39
66 71
66 135
66 263
66 519
67 29
67 45
67 77
67 141
67 269
67 525
67 6
67 10
67 12
67 15
68 24
68 27
68 30
68 58
68 90
68 154
68 282
68 538
68 11
68 19
69 307
69 563
69 20
69 36
69 48
69 53
69 54
69 60
69 116
69 180
70 8
70 16
70 32
70 64
70 128
70 256
70 512
70 0
70 3
70 5
71 32
71 64
71 128
71 256
71 512
71 0
71 3
71 5
71 9
71 17
72 64
72 128
72 256
72 512
72 0
72 3
72 5
72 9
72 17
72 33
73 33
73 65
73 129
73 257
73 513
73 0
73 3
73 6
73 10
73 18
74 10
74 18
74 34
74 66
74 130
74 258
74 514
74 1
74 2
74 7
75 515
75 0
75 5
75 6
75 12
75 20
75 36
75 68
75 132
75 260
76 5
76 6
76 15
76 23
76 39
76 71
76 135
76 263
76 519
76 0
77 45
77 77
77 141
77 269
77 525
77 6
77 10
77 12
77 15
77 30
78 27
78 30
78 58
78 90
78 154
78 282
78 538
78 11
78 19
78 25
79 563
79 20
79 36
79 48
79 53
79 54
79 60
79 116
79 180
79 308
80 1
80 2
80 4
80 8
80 16
80 32
80 64
80 128
80 256
80 512
81 512
81 0
81 3
81 5
81 9
81 17
81 33
81 65
81 129
81 257
82 0
82 3
82 5
82 9
82 17
82 33
82 65
82 129
82 257
82 513
83 5
83 9
83 17
83 33
83 65
83 129
83 257
83 513
83 0
83 3
84 18
84 34
84 66
84 130
84 258
84 514
84 1
84 2
84 7
84 11
85 0
85 5
85 6
85 12
85 20
85 36
85 68
85 132
85 260
85 516
86 6
86 15
86 23
86 39
86 71
86 135
86 263
86 519
86 0
86 9
87 77
87 141
87 269
87 525
87 6
87 10
87 12
87 15
87 30
87 46
88 30
88 58
88 90
88 154
88 282
88 538
88 11
88 19
88 25
88 26
89 20
89 36
89 48
89 53
89 54
89 60
89 116
89 180
89 308
89 564
90 2
90 4
90 8
90 16
90 32
90 64
90 128
90 256
90 512
90 0
91 256
91 512
91 0
91 3
91 5
91 9
91 17
91 33
91 65
91 129
92 3
92 5
92 9
92 17
92 33
92 65
92 129
92 257
92 513
92 0
93 9
93 17
93 33
93 65
93 129
93 257
93 513
93 0
93 3
93 6
94 34
94 66
94 130
94 258
94 514
94 1
94 2
94 7
94 11
94 19
95 5
95 6
95 12
95 20
95 36
95 68
95 132
95 260
95 516
95 1
96 15
96 23
96 39
96 71
96 135
96 263
96 519
96 0
96 9
96 10
97 141
97 269
97 525
97 6
97 10
97 12
97 15
97 30
97 46
97 78
98 58
98 90
98 154
98 282
98 538
98 11
98 19
98 25
98 26
98 31
99 36
99 48
99 53
99 54
99 60
99 116
99 180
99 308
99 564
99 21
100 4
100 8
100 16
100 32
100 64
100 128
100 256
100 512
100 0
100 3
101 256
101 512
101 0
101 3
101 5
101 9
101 17
101 33
101 65
101 129
102 3
102 5
102 9
102 17
102 33
102 65
102 129
102 257
102 513
102 0
103 17
103 33
103 65
103 129
103 257
103 513
103 0
103 3
103 6
103 10
104 66
104 130
104 258
104 514
104 1
104 2
104 7
104 11
104 19
104 35
105 6
105 12
105 20
105 36
105 68
105 132
105 260
105 516
105 1
105 4
106 23
106 39
106 71
106 135
106 263
106 519
106 0
106 9
106 10
106 12
107 269
107 525
107 6
107 10
107 12
107 15
107 30
107 46
107 78
107 142
108 90
108 154
108 282
108 538
108 11
108 19
108 25
108 26
108 31
108 59
109 48
109 53
109 54
109 60
109 116
109 180
109 308
109 564
109 21
109 37
110 8
110 16
110 32
110 64
110 128
110 256
110 512
110 0
110 3
110 5
111 512
111 0
111 3
111 5
111 9
111 17
111 33
111 65
111 129
111 257
112 0
112 3
112 5
112 9
112 17
112 33
112 65
112 129
112 257
112 513
113 33
113 65
113 129
113 257
113 513
113 0
113 3
113 6
113 10
113 18
114 130
114 258
114 514
114 1
114 2
114 7
114 11
114 19
114 35
114 67
115 12
115 20
115 36
115 68
115 132
115 260
115 516
115 1
115 4
115 7
116 39
116 71
116 135
116 263
116 519
116 0
116 9
116 10
116 12
116 24
117 525
117 6
117 10
117 12
117 15
117 30
117 46
117 78
117 142
117 270
118 154
118 282
118 538
118 11
118 19
118 25
118 26
118 31
118 59
118 91
119 53
119 54
119 60
119 116
119 180
119 308
119 564
119 21
119 37
119 49
120 16
120 32
120 64
120 128
120 256
120 512
120 0
120 3
120 5
120 9
121 256
121 512
121 0
121 3
121 5
121 9
121 17
121 33
121 65
121 129
122 9
122 17
122 33
122 65
122 129
122 257
122 513
122 0
122 3
122 6
123 17
123 33
123 65
123 129
123 257
123 513
123 0
123 3
123 6
123 10
124 258
124 514
124 1
124 2
124 7
124 11
124 19
124 35
124 67
124 131
125 20
125 36
125 68
125 132
125 260
125 516
125 1
125 4
125 7
125 13
126 71
126 135
126 263
126 519
126 0
126 9
126 10
126 12
126 24
126 40
127 6
127 10
127 12
127 15
127 30
127 46
127 78
127 142
127 270
127 526
128 282
128 538
128 11
128 19
128 25
128 26
128 31
128 59
128 91
128 155
129 54
129 60
129 116
129 180
129 308
129 564
129 21
129 37
129 49
129 52
130 32
130 64
130 128
130 256
130 512
130 0
130 3
130 5
130 9
130 17
131 512
131 0
131 3
131 5
131 9
131 17
131 33
131 65
131 129
131 257
132 5
132 9
132 17
132 33
132 65
132 129
132 257
132 513
132 0
132 3
133 33
133 65
133 129
133 257
133 513
133 0
133 3
133 6
133 10
133 18
134 514
134 1
134 2
134 7
134 11
134 19
134 35
134 67
134 131
134 259
135 36
135 68
135 132
135 260
135 516
135 1
135 4
135 7
135 13
135 21
136 135
136 263
136 519
136 0
136 9
136 10
136 12
136 24
136 40
136 72
137 10
137 12
137 15
137 30
137 46
137 78
137 142
137 270
137 526
137 7
138 538
138 11
138 19
138 25
138 26
138 31
138 59
138 91
138 155
138 283
139 60
139 116
139 180
139 308
139 564
139 21
139 37
139 49
139 52
139 55
140 64
140 128
140 256
140 512
140 0
140 3
140 5
140 9
140 17
140 33
141 0
141 3
141 5
141 9
141 17
141 33
141 65
141 129
141 257
141 513
142 5
142 9
142 17
142 33
142 65
142 129
142 257
142 513
142 0
142 3
143 33
143 65
143 129
143 257
143 513
143 0
143 3
143 6
143 10
143 18
144 1
144 2
144 7
144 11
144 19
144 35
144 67
144 131
144 259
144 515
145 68
145 132
145 260
145 516
145 1
145 4
145 7
145 13
145 21
145 37
146 263
146 519
146 0
146 9
146 10
146 12
146 24
146 40
146 72
146 136
147 12
147 15
147 30
147 46
147 78
147 142
147 270
147 526
147 7
147 11
148 11
148 19
148 25
148 26
148 31
148 59
148 91
148 155
148 283
148 539
149 116
149 180
149 308
149 564
149 21
149 37
149 49
149 52
149 55
149 61
150 128
150 256
150 512
150 0
150 3
150 5
150 9
150 17
150 33
150 65
151 3
151 5
151 9
151 17
151 33
151 65
151 129
151 257
151 513
151 0
152 9
152 17
152 33
152 65
152 129
152 257
152 513
152 0
152 3
152 6
153 17
153 33
153 65
153 129
153 257
153 513
153 0
153 3
153 6
153 10
154 2
154 7
154 11
154 19
154 35
154 67
154 131
154 259
154 515
154 0
155 132
155 260
155 516
155 1
155 4
155 7
155 13
155 21
155 37
155 69
156 519
156 0
156 9
156 10
156 12
156 24
156 40
156 72
156 136
156 264
157 15
157 30
157 46
157 78
157 142
157 270
157 526
157 7
157 11
157 13
158 19
158 25
158 26
158 31
158 59
158 91
158 155
158 283
158 539
158 12
159 180
159 308
159 564
159 21
159 37
159 49
159 52
159 55
159 61
159 117
160 1
160 2
160 4
160 8
160 16
160 32
160 64
160 128
160 256
160 512
161 129
161 257
161 513
161 0
161 3
161 6
161 10
161 18
161 34
161 66
162 257
162 513
162 0
162 3
162 6
162 10
162 18
162 34
162 66
162 130
163 0
163 3
163 6
163 10
163 18
163 34
163 66
163 130
163 258
163 514
164 18
164 34
164 66
164 130
164 258
164 514
164 1
164 2
164 7
164 11
165 260
165 516
165 1
165 4
165 7
165 13
165 21
165 37
165 69
165 133
166 0
166 9
166 10
166 12
166 24
166 40
166 72
166 136
166 264
166 520
167 30
167 46
167 78
167 142
167 270
167 526
167 7
167 11
167 13
167 14
168 25
168 26
168 31
168 59
168 91
168 155
168 283
168 539
168 12
168 20
169 308
169 564
169 21
169 37
169 49
169 52
169 55
169 61
169 117
169 181
170 2
170 4
170 8
170 16
170 32
170 64
170 128
170 256
170 512
170 0
171 65
171 129
171 257
171 513
171 0
171 3
171 6
171 10
171 18
171 34
172 513
172 0
172 3
172 6
172 10
172 18
172 34
172 66
172 130
172 258
173 3
173 6
173 10
173 18
173 34
173 66
173 130
173 258
173 514
173 1
174 34
174 66
174 130
174 258
174 514
174 1
174 2
174 7
174 11
174 19
175 516
175 1
175 4
175 7
175 13
175 21
175 37
175 69
175 133
175 261
176 9
176 10
176 12
176 24
176 40
176 72
176 136
176 264
176 520
176 1
177 46
177 78
177 142
177 270
177 526
177 7
177 11
177 13
177 14
177 31
178 26
178 31
178 59
178 91
178 155
178 283
178 539
178 12
178 20
178 24
179 564
179 21
179 37
179 49
179 52
179 55
179 61
179 117
179 181
179 309
180 4
180 8
180 16
180 32
180 64
180 128
180 256
180 512
180 0
180 3
181 65
181 129
181 257
181 513
181 0
181 3
181 6
181 10
181 18
181 34
182 513
182 0
182 3
182 6
182 10
182 18
182 34
182 66
182 130
182 258
183 6
183 10
183 18
183 34
183 66
183 130
183 258
183 514
183 1
183 2
184 66
184 130
184 258
184 514
184 1
184 2
184 7
184 11
184 19
184 35
185 1
185 4
185 7
185 13
185 21
185 37
185 69
185 133
185 261
185 517
186 10
186 12
186 24
186 40
186 72
186 136
186 264
186 520
186 1
186 8
187 78
187 142
187 270
187 526
187 7
187 11
187 13
187 14
187 31
187 47
188 31
188 59
188 91
188 155
188 283
188 539
188 12
188 20
188 24
188 29
189 21
189 37
189 49
189 52
189 55
189 61
189 117
189 181
189 309
189 565
190 8
190 16
190 32
190 64
190 128
190 256
190 512
190 0
190 3
190 5
191 129
191 257
191 513
191 0
191 3
191 6
191 10
191 18
191 34
191 66
192 257
192 513
192 0
192 3
192 6
192 10
192 18
192 34
192 66
192 130
193 10
193 18
193 34
193 66
193 130
193 258
193 514
193 1
193 2
193 7
194 130
194 258
194 514
194 1
194 2
194 7
194 11
194 19
194 35
194 67
195 4
195 7
195 13
195 21
195 37
195 69
195 133
195 261
195 517
195 2
196 12
196 24
196 40
196 72
196 136
196 264
196 520
196 1
196 8
196 11
197 142
197 270
197 526
197 7
197 11
197 13
197 14
197 31
197 47
197 79
198 59
198 91
198 155
198 283
198 539
198 12
198 20
198 24
198 29
198 30
199 37
199 49
199 52
199 55
199 61
199 117
199 181
199 309
199 565
199 22
200 16
200 32
200 64
200 128
200 256
200 512
200 0
200 3
200 5
200 9
201 65
201 129
201 257
201 513
201 0
201 3
201 6
201 10
201 18
201 34
202 3
202 6
202 10
202 18
202 34
202 66
202 130
202 258
202 514
202 1
203 6
203 10
203 18
203 34
203 66
203 130
203 258
203 514
203 1
203 2
204 258
204 514
204 1
204 2
204 7
204 11
204 19
204 35
204 67
204 131
205 7
205 13
205 21
205 37
205 69
205 133
205 261
205 517
205 2
205 4
206 24
206 40
206 72
206 136
206 264
206 520
206 1
206 8
206 11
206 13
207 270
207 526
207 7
207 11
207 13
207 14
207 31
207 47
207 79
207 143
208 91
208 155
208 283
208 539
208 12
208 20
208 24
208 29
208 30
208 60
209 49
209 52
209 55
209 61
209 117
209 181
209 309
209 565
209 22
209 38
210 32
210 64
210 128
210 256
210 512
210 0
210 3
210 5
210 9
210 17
211 129
211 257
211 513
211 0
211 3
211 6
211 10
211 18
211 34
211 66
212 0
212 3
212 6
212 10
212 18
212 34
212 66
212 130
212 258
212 514
213 10
213 18
213 34
213 66
213 130
213 258
213 514
213 1
213 2
213 7
214 514
214 1
214 2
214 7
214 11
214 19
214 35
214 67
214 131
214 259
215 13
215 21
215 37
215 69
215 133
215 261
215 517
215 2
215 4
215 7
216 40
216 72
216 136
216 264
216 520
216 1
216 8
216 11
216 13
216 25
217 526
217 7
217 11
217 13
217 14
217 31
217 47
217 79
217 143
217 271
218 155
218 283
218 539
218 12
218 20
218 24
218 29
218 30
218 60
218 92
219 52
219 55
219 61
219 117
219 181
219 309
219 565
219 22
219 38
219 50
220 64
220 128
220 256
220 512
220 0
220 3
220 5
220 9
220 17
220 33
221 257
221 513
221 0
221 3
221 6
221 10
221 18
221 34
221 66
221 130
222 0
222 3
222 6
222 10
222 18
222 34
222 66
222 130
222 258
222 514
223 10
223 18
223 34
223 66
223 130
223 258
223 514
223 1
223 2
223 7
224 1
224 2
224 7
224 11
224 19
224 35
224 67
224 131
224 259
224 515
225 21
225 37
225 69
225 133
225 261
225 517
225 2
225 4
225 7
225 14
226 72
226 136
226 264
226 520
226 1
226 8
226 11
226 13
226 25
226 41
227 7
227 11
227 13
227 14
227 31
227 47
227 79
227 143
227 271
227 527
228 283
228 539
228 12
228 20
228 24
228 29
228 30
228 60
228 92
228 156
229 55
229 61
229 117
229 181
229 309
229 565
229 22
229 38
229 50
229 52
230 128
230 256
230 512
230 0
230 3
230 5
230 9
230 17
230 33
230 65
231 513
231 0
231 3
231 6
231 10
231 18
231 34
231 66
231 130
231 258
232 3
232 6
232 10
232 18
232 34
232 66
232 130
232 258
232 514
232 1
233 6
233 10
233 18
233 34
233 66
233 130
233 258
233 514
233 1
233 2
234 2
234 7
234 11
234 19
234 35
234 67
234 131
234 259
234 515
234 0
235 37
235 69
235 133
235 261
235 517
235 2
235 4
235 7
235 14
235 22
236 136
236 264
236 520
236 1
236 8
236 11
236 13
236 25
236 41
236 73
237 11
237 13
237 14
237 31
237 47
237 79
237 143
237 271
237 527
237 0
238 539
238 12
238 20
238 24
238 29
238 30
238 60
238 92
238 156
238 284
239 61
239 117
239 181
239 309
239 565
239 22
239 38
239 50
239 52
239 55
240 256
240 512
240 0
240 3
240 5
240 9
240 17
240 33
240 65
240 129
241 65
241 129
241 257
241 513
241 0
241 3
241 6
241 10
241 18
241 34
242 34
242 66
242 130
242 258
242 514
242 1
242 2
242 7
242 11
242 19
243 66
243 130
243 258
243 514
243 1
243 2
243 7
243 11
243 19
243 35
244 258
244 514
244 1
244 2
244 7
244 11
244 19
244 35
244 67
244 131
245 69
245 133
245 261
245 517
245 2
245 4
245 7
245 14
245 22
245 38
246 264
246 520
246 1
246 8
246 11
246 13
246 25
246 41
246 73
246 137
247 13
247 14
247 31
247 47
247 79
247 143
247 271
247 527
247 0
247 17
248 12
248 20
248 24
248 29
248 30
248 60
248 92
248 156
248 284
248 540
249 117
249 181
249 309
249 565
249 22
249 38
249 50
249 52
249 55
249 62
250 512
250 0
250 3
250 5
250 9
250 17
250 33
250 65
250 129
250 257
251 129
251 257
251 513
251 0
251 3
251 6
251 10
251 18
251 34
251 66
252 18
252 34
252 66
252 130
252 258
252 514
252 1
252 2
252 7
252 11
253 130
253 258
253 514
253 1
253 2
253 7
253 11
253 19
253 35
253 67
254 514
254 1
254 2
254 7
254 11
254 19
254 35
254 67
254 131
254 259
255 133
255 261
255 517
255 2
255 4
255 7
255 14
255 22
255 38
255 70
256 520
256 1
256 8
256 11
256 13
256 25
256 41
256 73
256 137
256 265
257 14
257 31
257 47
257 79
257 143
257 271
257 527
257 0
257 17
257 18
258 20
258 24
258 29
258 30
258 60
258 92
258 156
258 284
258 540
258 13
259 181
259 309
259 565
259 22
259 38
259 50
259 52
259 55
259 62
259 118
260 0
260 3
260 5
260 9
260 17
260 33
260 65
260 129
260 257
260 513
261 257
261 513
261 0
261 3
261 6
261 10
261 18
261 34
261 66
261 130
262 18
262 34
262 66
262 130
262 258
262 514
262 1
262 2
262 7
262 11
263 130
263 258
263 514
263 1
263 2
263 7
263 11
263 19
263 35
263 67
264 1
264 2
264 7
264 11
264 19
264 35
264 67
264 131
264 259
264 515
265 261
265 517
265 2
265 4
265 7
265 14
265 22
265 38
265 70
265 134
266 1
266 8
266 11
266 13
266 25
266 41
266 73
266 137
266 265
266 521
267 31
267 47
267 79
267 143
267 271
267 527
267 0
267 17
267 18
267 20
268 24
268 29
268 30
268 60
268 92
268 156
268 284
268 540
268 13
268 21
269 309
269 565
269 22
269 38
269 50
269 52
269 55
269 62
269 118
269 182
270 3
270 5
270 9
270 17
270 33
270 65
270 129
270 257
270 513
270 0
271 513
271 0
271 3
271 6
271 10
271 18
271 34
271 66
271 130
271 258
272 34
272 66
272 130
272 258
272 514
272 1
272 2
272 7
272 11
272 19
273 66
273 130
273 258
273 514
273 1
273 2
273 7
273 11
273 19
273 35
274 2
274 7
274 11
274 19
274 35
274 67
274 131
274 259
274 515
274 0
275 517
275 2
275 4
275 7
275 14
275 22
275 38
275 70
275 134
275 262
276 8
276 11
276 13
276 25
276 41
276 73
276 137
276 265
276 521
276 2
277 47
277 79
277 143
277 271
277 527
277 0
277 17
277 18
277 20
277 24
278 29
278 30
278 60
278 92
278 156
278 284
278 540
278 13
278 21
278 25
279 565
279 22
279 38
279 50
279 52
279 55
279 62
279 118
279 182
279 310
280 5
280 9
280 17
280 33
280 65
280 129
280 257
280 513
280 0
280 3
281 0
281 3
281 6
281 10
281 18
281 34
281 66
281 130
281 258
281 514
282 18
282 34
282 66
282 130
282 258
282 514
282 1
282 2
282 7
282 11
283 514
283 1
283 2
283 7
283 11
283 19
283 35
283 67
283 131
283 259
284 1
284 2
284 7
284 11
284 19
284 35
284 67
284 131
284 259
284 515
285 2
285 4
285 7
285 14
285 22
285 38
285 70
285 134
285 262
285 518
286 11
286 13
286 25
286 41
286 73
286 137
286 265
286 521
286 2
286 8
287 79
287 143
287 271
287 527
287 0
287 17
287 18
287 20
287 24
287 48
288 30
288 60
288 92
288 156
288 284
288 540
288 13
288 21
288 25
288 28
289 22
289 38
289 50
289 52
289 55
289 62
289 118
289 182
289 310
289 566
290 9
290 17
290 33
290 65
290 129
290 257
290 513
290 0
290 3
290 6
291 3
291 6
291 10
291 18
291 34
291 66
291 130
291 258
291 514
291 1
292 34
292 66
292 130
292 258
292 514
292 1
292 2
292 7
292 11
292 19
293 258
293 514
293 1
293 2
293 7
293 11
293 19
293 35
293 67
293 131
294 2
294 7
294 11
294 19
294 35
294 67
294 131
294 259
294 515
294 0
295 4
295 7
295 14
295 22
295 38
295 70
295 134
295 262
295 518
295 3
296 13
296 25
296 41
296 73
296 137
296 265
296 521
296 2
296 8
296 11
297 143
297 271
297 527
297 0
297 17
297 18
297 20
297 24
297 48
297 80
298 60
298 92
298 156
298 284
298 540
298 13
298 21
298 25
298 28
298 31
299 38
299 50
299 52
299 55
299 62
299 118
299 182
299 310
299 566
299 23
300 17
300 33
300 65
300 129
300 257
300 513
300 0
300 3
300 6
300 10
301 6
301 10
301 18
301 34
301 66
301 130
301 258
301 514
301 1
301 2
302 66
302 130
302 258
302 514
302 1
302 2
302 7
302 11
302 19
302 35
303 258
303 514
303 1
303 2
303 7
303 11
303 19
303 35
303 67
303 131
304 2
304 7
304 11
304 19
304 35
304 67
304 131
304 259
304 515
304 0
305 7
305 14
305 22
305 38
305 70
305 134
305 262
305 518
305 3
305 5
306 25
306 41
306 73
306 137
306 265
306 521
306 2
306 8
306 11
306 14
307 271
307 527
307 0
307 17
307 18
307 20
307 24
307 48
307 80
307 144
308 92
308 156
308 284
308 540
308 13
308 21
308 25
308 28
308 31
308 61
309 50
309 52
309 55
309 62
309 118
309 182
309 310
309 566
309 23
309 39
310 33
310 65
310 129
310 257
310 513
310 0
310 3
310 6
310 10
310 18
311 10
311 18
311 34
311 66
311 130
311 258
311 514
311 1
311 2
311 7
312 130
312 258
312 514
312 1
312 2
312 7
312 11
312 19
312 35
312 67
313 514
313 1
313 2
313 7
313 11
313 19
313 35
313 67
313 131
313 259
314 1
314 2
314 7
314 11
314 19
314 35
314 67
314 131
314 259
314 515
315 14
315 22
315 38
315 70
315 134
315 262
315 518
315 3
315 5
315 6
316 41
316 73
316 137
316 265
316 521
316 2
316 8
316 11
316 14
316 26
317 527
317 0
317 17
317 18
317 20
317 24
317 48
317 80
317 144
317 272
318 156
318 284
318 540
318 13
318 21
318 25
318 28
318 31
318 61
318 93
319 52
319 55
319 62
319 118
319 182
319 310
319 566
319 23
319 39
319 51
320 1
320 2
320 4
320 8
320 16
320 32
320 64
320 128
320 256
320 512
321 11
321 19
321 35
321 67
321 131
321 259
321 515
321 0
321 5
321 6
322 19
322 35
322 67
322 131
322 259
322 515
322 0
322 5
322 6
322 12
323 67
323 131
323 259
323 515
323 0
323 5
323 6
323 12
323 20
323 36
324 0
324 5
324 6
324 12
324 20
324 36
324 68
324 132
324 260
324 516
325 260
325 516
325 1
325 4
325 7
325 13
325 21
325 37
325 69
325 133
326 73
326 137
326 265
326 521
326 2
326 8
326 11
326 14
326 26
326 42
327 0
327 17
327 18
327 20
327 24
327 48
327 80
327 144
327 272
327 528
328 284
328 540
328 13
328 21
328 25
328 28
328 31
328 61
328 93
328 157
329 55
329 62
329 118
329 182
329 310
329 566
329 23
329 39
329 51
329 53
330 2
330 4
330 8
330 16
330 32
330 64
330 128
330 256
330 512
330 0
331 7
331 11
331 19
331 35
331 67
331 131
331 259
331 515
331 0
331 5
332 35
332 67
332 131
332 259
332 515
332 0
332 5
332 6
332 12
332 20
333 131
333 259
333 515
333 0
333 5
333 6
333 12
333 20
333 36
333 68
334 5
334 6
334 12
334 20
334 36
334 68
334 132
334 260
334 516
334 1
335 516
335 1
335 4
335 7
335 13
335 21
335 37
335 69
335 133
335 261
336 137
336 265
336 521
336 2
336 8
336 11
336 14
336 26
336 42
336 74
337 17
337 18
337 20
337 24
337 48
337 80
337 144
337 272
337 528
337 1
338 540
338 13
338 21
338 25
338 28
338 31
338 61
338 93
338 157
338 285
339 62
339 118
339 182
339 310
339 566
339 23
339 39
339 51
339 53
339 54
340 4
340 8
340 16
340 32
340 64
340 128
340 256
340 512
340 0
340 3
341 7
341 11
341 19
341 35
341 67
341 131
341 259
341 515
341 0
341 5
342 35
342 67
342 131
342 259
342 515
342 0
342 5
342 6
342 12
342 20
343 259
343 515
343 0
343 5
343 6
343 12
343 20
343 36
343 68
343 132
344 6
344 12
344 20
344 36
344 68
344 132
344 260
344 516
344 1
344 4
345 1
345 4
345 7
345 13
345 21
345 37
345 69
345 133
345 261
345 517
346 265
346 521
346 2
346 8
346 11
346 14
346 26
346 42
346 74
346 138
347 18
347 20
347 24
347 48
347 80
347 144
347 272
347 528
347 1
347 16
348 13
348 21
348 25
348 28
348 31
348 61
348 93
348 157
348 285
348 541
349 118
349 182
349 310
349 566
349 23
349 39
349 51
349 53
349 54
349 63
350 8
350 16
350 32
350 64
350 128
350 256
350 512
350 0
350 3
350 5
351 11
351 19
351 35
351 67
351 131
351 259
351 515
351 0
351 5
351 6
352 19
352 35
352 67
352 131
352 259
352 515
352 0
352 5
352 6
352 12
353 515
353 0
353 5
353 6
353 12
353 20
353 36
353 68
353 132
353 260
354 12
354 20
354 36
354 68
354 132
354 260
354 516
354 1
354 4
354 7
355 4
355 7
355 13
355 21
355 37
355 69
355 133
355 261
355 517
355 2
356 521
356 2
356 8
356 11
356 14
356 26
356 42
356 74
356 138
356 266
357 20
357 24
357 48
357 80
357 144
357 272
357 528
357 1
357 16
357 19
358 21
358 25
358 28
358 31
358 61
358 93
358 157
358 285
358 541
358 14
359 182
359 310
359 566
359 23
359 39
359 51
359 53
359 54
359 63
359 119
360 16
360 32
360 64
360 128
360 256
360 512
360 0
360 3
360 5
360 9
361 7
361 11
361 19
361 35
361 67
361 131
361 259
361 515
361 0
361 5
362 131
362 259
362 515
362 0
362 5
362 6
362 12
362 20
362 36
362 68
363 259
363 515
363 0
363 5
363 6
363 12
363 20
363 36
363 68
363 132
364 20
364 36
364 68
364 132
364 260
364 516
364 1
364 4
364 7
364 13
365 7
365 13
365 21
365 37
365 69
365 133
365 261
365 517
365 2
365 4
366 2
366 8
366 11
366 14
366 26
366 42
366 74
366 138
366 266
366 522
367 24
367 48
367 80
367 144
367 272
367 528
367 1
367 16
367 19
367 21
368 25
368 28
368 31
368 61
368 93
368 157
368 285
368 541
368 14
368 22
369 310
369 566
369 23
369 39
369 51
369 53
369 54
369 63
369 119
369 183
370 32
370 64
370 128
370 256
370 512
370 0
370 3
370 5
370 9
370 17
371 11
371 19
371 35
371 67
371 131
371 259
371 515
371 0
371 5
371 6
372 67
372 131
372 259
372 515
372 0
372 5
372 6
372 12
372 20
372 36
373 515
373 0
373 5
373 6
373 12
373 20
373 36
373 68
373 132
373 260
374 36
374 68
374 132
374 260
374 516
374 1
374 4
374 7
374 13
374 21
375 13
375 21
375 37
375 69
375 133
375 261
375 517
375 2
375 4
375 7
376 8
376 11
376 14
376 26
376 42
376 74
376 138
376 266
376 522
376 3
377 48
377 80
377 144
377 272
377 528
377 1
377 16
377 19
377 21
377 25
378 28
378 31
378 61
378 93
378 157
378 285
378 541
378 14
378 22
378 26
379 566
379 23
379 39
379 51
379 53
379 54
379 63
379 119
379 183
379 311
380 64
380 128
380 256
380 512
380 0
380 3
380 5
380 9
380 17
380 33
381 19
381 35
381 67
381 131
381 259
381 515
381 0
381 5
381 6
381 12
382 67
382 131
382 259
382 515
382 0
382 5
382 6
382 12
382 20
382 36
383 515
383 0
383 5
383 6
383 12
383 20
383 36
383 68
383 132
383 260
384 68
384 132
384 260
384 516
384 1
384 4
384 7
384 13
384 21
384 37
385 21
385 37
385 69
385 133
385 261
385 517
385 2
385 4
385 7
385 14
386 11
386 14
386 26
386 42
386 74
386 138
386 266
386 522
386 3
386 9
387 80
387 144
387 272
387 528
387 1
387 16
387 19
387 21
387 25
387 49
388 31
388 61
388 93
388 157
388 285
388 541
388 14
388 22
388 26
388 28
389 23
389 39
389 51
389 53
389 54
389 63
389 119
389 183
389 311
389 567
390 128
390 256
390 512
390 0
390 3
390 5
390 9
390 17
390 33
390 65
391 35
391 67
391 131
391 259
391 515
391 0
391 5
391 6
391 12
391 20
392 131
392 259
392 515
392 0
392 5
392 6
392 12
392 20
392 36
392 68
393 259
393 515
393 0
393 5
393 6
393 12
393 20
393 36
393 68
393 132
394 132
394 260
394 516
394 1
394 4
394 7
394 13
394 21
394 37
394 69
395 37
395 69
395 133
395 261
395 517
395 2
395 4
395 7
395 14
395 22
396 14
396 26
396 42
396 74
396 138
396 266
396 522
396 3
396 9
396 10
397 144
397 272
397 528
397 1
397 16
397 19
397 21
397 25
397 49
397 81
398 61
398 93
398 157
398 285
398 541
398 14
398 22
398 26
398 28
398 31
399 39
399 51
399 53
399 54
399 63
399 119
399 183
399 311
399 567
399 24
400 256
400 512
400 0
400 3
400 5
400 9
400 17
400 33
400 65
400 129
401 7
401 11
401 19
401 35
401 67
401 131
401 259
401 515
401 0
401 5
402 5
402 6
402 12
402 20
402 36
402 68
402 132
402 260
402 516
402 1
403 6
403 12
403 20
403 36
403 68
403 132
403 260
403 516
403 1
403 4
404 20
404 36
404 68
404 132
404 260
404 516
404 1
404 4
404 7
404 13
405 69
405 133
405 261
405 517
405 2
405 4
405 7
405 14
405 22
405 38
406 26
406 42
406 74
406 138
406 266
406 522
406 3
406 9
406 10
406 15
407 272
407 528
407 1
407 16
407 19
407 21
407 25
407 49
407 81
407 145
408 93
408 157
408 285
408 541
408 14
408 22
408 26
408 28
408 31
408 62
409 51
409 53
409 54
409 63
409 119
409 183
409 311
409 567
409 24
409 40
410 512
410 0
410 3
410 5
410 9
410 17
410 33
410 65
410 129
410 257
411 11
411 19
411 35
411 67
411 131
411 259
411 515
411 0
411 5
411 6
412 0
412 5
412 6
412 12
412 20
412 36
412 68
412 132
412 260
412 516
413 12
413 20
413 36
413 68
413 132
413 260
413 516
413 1
413 4
413 7
414 36
414 68
414 132
414 260
414 516
414 1
414 4
414 7
414 13
414 21
415 133
415 261
415 517
415 2
415 4
415 7
415 14
415 22
415 38
415 70
416 42
416 74
416 138
416 266
416 522
416 3
416 9
416 10
416 15
416 27
417 528
417 1
417 16
417 19
417 21
417 25
417 49
417 81
417 145
417 273
418 157
418 285
418 541
418 14
418 22
418 26
418 28
418 31
418 62
418 94
419 53
419 54
419 63
419 119
419 183
419 311
419 567
419 24
419 40
419 48
420 0
420 3
420 5
420 9
420 17
420 33
420 65
420 129
420 257
420 513
421 19
421 35
421 67
421 131
421 259
421 515
421 0
421 5
421 6
421 12
422 0
422 5
422 6
422 12
422 20
422 36
422 68
422 132
422 260
422 516
423 12
423 20
423 36
423 68
423 132
423 260
423 516
423 1
423 4
423 7
424 68
424 132
424 260
424 516
424 1
424 4
424 7
424 13
424 21
424 37
425 261
425 517
425 2
425 4
425 7
425 14
425 22
425 38
425 70
425 134
426 74
426 138
426 266
426 522
426 3
426 9
426 10
426 15
426 27
426 43
427 1
427 16
427 19
427 21
427 25
427 49
427 81
427 145
427 273
427 529
428 285
428 541
428 14
428 22
428 26
428 28
428 31
428 62
428 94
428 158
429 54
429 63
429 119
429 183
429 311
429 567
429 24
429 40
429 48
429 57
430 3
430 5
430 9
430 17
430 33
430 65
430 129
430 257
430 513
430 0
431 35
431 67
431 131
431 259
431 515
431 0
431 5
431 6
431 12
431 20
432 5
432 6
432 12
432 20
432 36
432 68
432 132
432 260
432 516
432 1
433 6
433 12
433 20
433 36
433 68
433 132
433 260
433 516
433 1
433 4
434 132
434 260
434 516
434 1
434 4
434 7
434 13
434 21
434 37
434 69
435 517
435 2
435 4
435 7
435 14
435 22
435 38
435 70
435 134
435 262
436 138
436 266
436 522
436 3
436 9
436 10
436 15
436 27
436 43
436 75
437 16
437 19
437 21
437 25
437 49
437 81
437 145
437 273
437 529
437 2
438 541
438 14
438 22
438 26
438 28
438 31
438 62
438 94
438 158
438 286
439 63
439 119
439 183
439 311
439 567
439 24
439 40
439 48
439 57
439 58
440 5
440 9
440 17
440 33
440 65
440 129
440 257
440 513
440 0
440 3
441 67
441 131
441 259
441 515
441 0
441 5
441 6
441 12
441 20
441 36
442 0
442 5
442 6
442 12
442 20
442 36
442 68
442 132
442 260
442 516
443 36
443 68
443 132
443 260
443 516
443 1
443 4
443 7
443 13
443 21
444 68
444 132
444 260
444 516
444 1
444 4
444 7
444 13
444 21
444 37
445 2
445 4
445 7
445 14
445 22
445 38
445 70
445 134
445 262
445 518
446 266
446 522
446 3
446 9
446 10
446 15
446 27
446 43
446 75
446 139
447 19
447 21
447 25
447 49
447 81
447 145
447 273
447 529
447 2
447 16
448 14
448 22
448 26
448 28
448 31
448 62
448 94
448 158
448 286
448 542
449 119
449 183
449 311
449 567
449 24
449 40
449 48
449 57
449 58
449 60
450 9
450 17
450 33
450 65
450 129
450 257
450 513
450 0
450 3
450 6
451 131
451 259
451 515
451 0
451 5
451 6
451 12
451 20
451 36
451 68
452 5
452 6
452 12
452 20
452 36
452 68
452 132
452 260
452 516
452 1
453 20
453 36
453 68
453 132
453 260
453 516
453 1
453 4
453 7
453 13
454 132
454 260
454 516
454 1
454 4
454 7
454 13
454 21
454 37
454 69
455 4
455 7
455 14
455 22
455 38
455 70
455 134
455 262
455 518
455 3
456 522
456 3
456 9
456 10
456 15
456 27
456 43
456 75
456 139
456 267
457 21
457 25
457 49
457 81
457 145
457 273
457 529
457 2
457 16
457 19
458 22
458 26
458 28
458 31
458 62
458 94
458 158
458 286
458 542
458 15
459 183
459 311
459 567
459 24
459 40
459 48
459 57
459 58
459 60
459 120
460 17
460 33
460 65
460 129
460 257
460 513
460 0
460 3
460 6
460 10
461 259
461 515
461 0
461 5
461 6
461 12
461 20
461 36
461 68
461 132
462 6
462 12
462 20
462 36
462 68
462 132
462 260
462 516
462 1
462 4
463 20
463 36
463 68
463 132
463 260
463 516
463 1
463 4
463 7
463 13
464 132
464 260
464 516
464 1
464 4
464 7
464 13
464 21
464 37
464 69
465 7
465 14
465 22
465 38
465 70
465 134
465 262
465 518
465 3
465 5
466 3
466 9
466 10
466 15
466 27
466 43
466 75
466 139
466 267
466 523
467 25
467 49
467 81
467 145
467 273
467 529
467 2
467 16
467 19
467 22
468 26
468 28
468 31
468 62
468 94
468 158
468 286
468 542
468 15
468 23
469 311
469 567
469 24
469 40
469 48
469 57
469 58
469 60
469 120
469 184
470 33
470 65
470 129
470 257
470 513
470 0
470 3
470 6
470 10
470 18
471 515
471 0
471 5
471 6
471 12
471 20
471 36
471 68
471 132
471 260
472 12
472 20
472 36
472 68
472 132
472 260
472 516
472 1
472 4
472 7
473 36
473 68
473 132
473 260
473 516
473 1
473 4
473 7
473 13
473 21
474 68
474 132
474 260
474 516
474 1
474 4
474 7
474 13
474 21
474 37
475 14
475 22
475 38
475 70
475 134
475 262
475 518
475 3
475 5
475 6
476 9
476 10
476 15
476 27
476 43
476 75
476 139
476 267
476 523
476 4
477 49
477 81
477 145
477 273
477 529
477 2
477 16
477 19
477 22
477 26
478 28
478 31
478 62
478 94
478 158
478 286
478 542
478 15
478 23
478 27
479 567
479 24
479 40
479 48
479 57
479 58
479 60
479 120
479 184
479 312
480 65
480 129
480 257
480 513
480 0
480 3
480 6
480 10
480 18
480 34
481 7
481 11
481 19
481 35
481 67
481 131
481 259
481 515
481 0
481 5
482 516
482 1
482 4
482 7
482 13
482 21
482 37
482 69
482 133
482 261
483 1
483 4
483 7
483 13
483 21
483 37
483 69
483 133
483 261
483 517
484 7
484 13
484 21
484 37
484 69
484 133
484 261
484 517
484 2
484 4
485 69
485 133
485 261
485 517
485 2
485 4
485 7
485 14
485 22
485 38
486 10
486 15
486 27
486 43
486 75
486 139
486 267
486 523
486 4
486 8
487 81
487 145
487 273
487 529
487 2
487 16
487 19
487 22
487 26
487 50
488 31
488 62
488 94
488 158
488 286
488 542
488 15
488 23
488 27
488 29
489 24
489 40
489 48
489 57
489 58
489 60
489 120
489 184
489 312
489 568
490 129
490 257
490 513
490 0
490 3
490 6
490 10
490 18
490 34
490 66
491 11
491 19
491 35
491 67
491 131
491 259
491 515
491 0
491 5
491 6
492 260
492 516
492 1
492 4
492 7
492 13
492 21
492 37
492 69
492 133
493 4
493 7
493 13
493 21
493 37
493 69
493 133
493 261
493 517
493 2
494 13
494 21
494 37
494 69
494 133
494 261
494 517
494 2
494 4
494 7
495 133
495 261
495 517
495 2
495 4
495 7
495 14
495 22
495 38
495 70
496 15
496 27
496 43
496 75
496 139
496 267
496 523
496 4
496 8
496 13
497 145
497 273
497 529
497 2
497 16
497 19
497 22
497 26
497 50
497 82
498 62
498 94
498 158
498 286
498 542
498 15
498 23
498 27
498 29
498 30
499 40
499 48
499 57
499 58
499 60
499 120
499 184
499 312
499 568
499 25
500 257
500 513
500 0
500 3
500 6
500 10
500 18
500 34
500 66
500 130
501 19
501 35
501 67
501 131
501 259
501 515
501 0
501 5
501 6
501 12
502 260
502 516
502 1
502 4
502 7
502 13
502 21
502 37
502 69
502 133
503 4
503 7
503 13
503 21
503 37
503 69
503 133
503 261
503 517
503 2
504 21
504 37
504 69
504 133
504 261
504 517
504 2
504 4
504 7
504 14
505 261
505 517
505 2
505 4
505 7
505 14
505 22
505 38
505 70
505 134
506 27
506 43
506 75
506 139
506 267
506 523
506 4
506 8
506 13
506 14
507 273
507 529
507 2
507 16
507 19
507 22
507 26
507 50
507 82
507 146
508 94
508 158
508 286
508 542
508 15
508 23
508 27
508 29
508 30
508 63
509 48
509 57
509 58
509 60
509 120
509 184
509 312
509 568
509 25
509 41
510 513
510 0
510 3
510 6
510 10
510 18
510 34
510 66
510 130
510 258
511 35
511 67
511 131
511 259
511 515
511 0
511 5
511 6
511 12
511 20
512 516
512 1
512 4
512 7
512 13
512 21
512 37
512 69
512 133
512 261
513 1
513 4
513 7
513 13
513 21
513 37
513 69
513 133
513 261
513 517
514 37
514 69
514 133
514 261
514 517
514 2
514 4
514 7
514 14
514 22
515 517
515 2
515 4
515 7
515 14
515 22
515 38
515 70
515 134
515 262
516 43
516 75
516 139
516 267
516 523
516 4
516 8
516 13
516 14
516 28
517 529
517 2
517 16
517 19
517 22
517 26
517 50
517 82
517 146
517 274
518 158
518 286
518 542
518 15
518 23
518 27
518 29
518 30
518 63
518 95
519 57
519 58
519 60
519 120
519 184
519 312
519 568
519 25
519 41
519 49
520 0
520 3
520 6
520 10
520 18
520 34
520 66
520 130
520 258
520 514
521 67
521 131
521 259
521 515
521 0
521 5
521 6
521 12
521 20
521 36
522 260
522 516
522 1
522 4
522 7
522 13
522 21
522 37
522 69
522 133
523 13
523 21
523 37
523 69
523 133
523 261
523 517
523 2
523 4
523 7
524 21
524 37
524 69
524 133
524 261
524 517
524 2
524 4
524 7
524 14
525 2
525 4
525 7
525 14
525 22
525 38
525 70
525 134
525 262
525 518
526 75
526 139
526 267
526 523
526 4
526 8
526 13
526 14
526 28
526 44
527 2
527 16
527 19
527 22
527 26
527 50
527 82
527 146
527 274
527 530
528 286
528 542
528 15
528 23
528 27
528 29
528 30
528 63
528 95
528 159
529 58
529 60
529 120
529 184
529 312
529 568
529 25
529 41
529 49
529 56
530 3
530 6
530 10
530 18
530 34
530 66
530 130
530 258
530 514
530 1
531 131
531 259
531 515
531 0
531 5
531 6
531 12
531 20
531 36
531 68
532 516
532 1
532 4
532 7
532 13
532 21
532 37
532 69
532 133
532 261
533 7
533 13
533 21
533 37
533 69
533 133
533 261
533 517
533 2
533 4
534 37
534 69
534 133
534 261
534 517
534 2
534 4
534 7
534 14
534 22
535 4
535 7
535 14
535 22
535 38
535 70
535 134
535 262
535 518
535 3
536 139
536 267
536 523
536 4
536 8
536 13
536 14
536 28
536 44
536 76
537 16
537 19
537 22
537 26
537 50
537 82
537 146
537 274
537 530
537 3
538 542
538 15
538 23
538 27
538 29
538 30
538 63
538 95
538 159
538 287
539 60
539 120
539 184
539 312
539 568
539 25
539 41
539 49
539 56
539 59
540 6
540 10
540 18
540 34
540 66
540 130
540 258
540 514
540 1
540 2
541 259
541 515
541 0
541 5
541 6
541 12
541 20
541 36
541 68
541 132
542 1
542 4
542 7
542 13
542 21
542 37
542 69
542 133
542 261
542 517
543 7
543 13
543 21
543 37
543 69
543 133
543 261
543 517
543 2
543 4
544 37
544 69
544 133
544 261
544 517
544 2
544 4
544 7
544 14
544 22
545 7
545 14
545 22
545 38
545 70
545 134
545 262
545 518
545 3
545 5
546 267
546 523
546 4
546 8
546 13
546 14
546 28
546 44
546 76
546 140
547 19
547 22
547 26
547 50
547 82
547 146
547 274
547 530
547 3
547 17
548 15
548 23
548 27
548 29
548 30
548 63
548 95
548 159
548 287
548 543
549 120
549 184
549 312
549 568
549 25
549 41
549 49
549 56
549 59
549 61
550 10
550 18
550 34
550 66
550 130
550 258
550 514
550 1
550 2
550 7
551 515
551 0
551 5
551 6
551 12
551 20
551 36
551 68
551 132
551 260
552 4
552 7
552 13
552 21
552 37
552 69
552 133
552 261
552 517
552 2
553 13
553 21
553 37
553 69
553 133
553 261
553 517
553 2
553 4
553 7
554 21
554 37
554 69
554 133
554 261
554 517
554 2
554 4
554 7
554 14
555 14
555 22
555 38
555 70
555 134
555 262
555 518
555 3
555 5
555 6
556 523
556 4
556 8
556 13
556 14
556 28
556 44
556 76
556 140
556 268
557 22
557 26
557 50
557 82
557 146
557 274
557 530
557 3
557 17
557 18
558 23
558 27
558 29
558 30
558 63
558 95
558 159
558 287
558 543
558 0
559 184
559 312
559 568
559 25
559 41
559 49
559 56
559 59
559 61
559 121
560 18
560 34
560 66
560 130
560 258
560 514
560 1
560 2
560 7
560 11
561 0
561 5
561 6
561 12
561 20
561 36
561 68
561 132
561 260
561 516
562 260
562 516
562 1
562 4
562 7
562 13
562 21
562 37
562 69
562 133
563 133
563 261
563 517
563 2
563 4
563 7
563 14
563 22
563 38
563 70
564 261
564 517
564 2
564 4
564 7
564 14
564 22
564 38
564 70
564 134
565 2
565 4
565 7
565 14
565 22
565 38
565 70
565 134
565 262
565 518
566 4
566 8
566 13
566 14
566 28
566 44
566 76
566 140
566 268
566 524
567 26
567 50
567 82
567 146
567 274
567 530
567 3
567 17
567 18
567 23
568 27
568 29
568 30
568 63
568 95
568 159
568 287
568 543
568 0
568 33
569 312
569 568
569 25
569 41
569 49
569 56
569 59
569 61
569 121
569 185
570 34
570 66
570 130
570 258
570 514
570 1
570 2
570 7
570 11
570 19
571 5
571 6
571 12
571 20
571 36
571 68
571 132
571 260
571 516
571 1
572 516
572 1
572 4
572 7
572 13
572 21
572 37
572 69
572 133
572 261
573 69
573 133
573 261
573 517
573 2
573 4
573 7
573 14
573 22
573 38
574 517
574 2
574 4
574 7
574 14
574 22
574 38
574 70
574 134
574 262
575 4
575 7
575 14
575 22
575 38
575 70
575 134
575 262
575 518
575 3
576 8
576 13
576 14
576 28
576 44
576 76
576 140
576 268
576 524
576 5
577 50
577 82
577 146
577 274
577 530
577 3
577 17
577 18
577 23
577 27
578 29
578 30
578 63
578 95
578 159
578 287
578 543
578 0
578 33
578 34
579 568
579 25
579 41
579 49
579 56
579 59
579 61
579 121
579 185
579 313
580 66
580 130
580 258
580 514
580 1
580 2
580 7
580 11
580 19
580 35
581 6
581 12
581 20
581 36
581 68
581 132
581 260
581 516
581 1
581 4
582 1
582 4
582 7
582 13
582 21
582 37
582 69
582 133
582 261
582 517
583 69
583 133
583 261
583 517
583 2
583 4
583 7
583 14
583 22
583 38
584 517
584 2
584 4
584 7
584 14
584 22
584 38
584 70
584 134
584 262
585 7
585 14
585 22
585 38
585 70
585 134
585 262
585 518
585 3
585 5
586 13
586 14
586 28
586 44
586 76
586 140
586 268
586 524
586 5
586 9
587 82
587 146
587 274
587 530
587 3
587 17
587 18
587 23
587 27
587 51
588 30
588 63
588 95
588 159
588 287
588 543
588 0
588 33
588 34
588 36
589 25
589 41
589 49
589 56
589 59
589 61
589 121
589 185
589 313
589 569
590 130
590 258
590 514
590 1
590 2
590 7
590 11
590 19
590 35
590 67
591 12
591 20
591 36
591 68
591 132
591 260
591 516
591 1
591 4
591 7
592 4
592 7
592 13
592 21
592 37
592 69
592 133
592 261
592 517
592 2
593 133
593 261
593 517
593 2
593 4
593 7
593 14
593 22
593 38
593 70
594 261
594 517
594 2
594 4
594 7
594 14
594 22
594 38
594 70
594 134
595 14
595 22
595 38
595 70
595 134
595 262
595 518
595 3
595 5
595 6
596 14
596 28
596 44
596 76
596 140
596 268
596 524
596 5
596 9
596 12
597 146
597 274
597 530
597 3
597 17
597 18
597 23
597 27
597 51
597 83
598 63
598 95
598 159
598 287
598 543
598 0
598 33
598 34
598 36
598 40
599 41
599 49
599 56
599 59
599 61
599 121
599 185
599 313
599 569
599 26
600 258
600 514
600 1
600 2
600 7
600 11
600 19
600 35
600 67
600 131
601 20
601 36
601 68
601 132
601 260
601 516
601 1
601 4
601 7
601 13
602 7
602 13
602 21
602 37
602 69
602 133
602 261
602 517
602 2
602 4
603 69
603 133
603 261
603 517
603 2
603 4
603 7
603 14
603 22
603 38
604 4
604 7
604 14
604 22
604 38
604 70
604 134
604 262
604 518
604 3
605 7
605 14
605 22
605 38
605 70
605 134
605 262
605 518
605 3
605 5
606 28
606 44
606 76
606 140
606 268
606 524
606 5
606 9
606 12
606 15
607 274
607 530
607 3
607 17
607 18
607 23
607 27
607 51
607 83
607 147
608 95
608 159
608 287
608 543
608 0
608 33
608 34
608 36
608 40
608 48
609 49
609 56
609 59
609 61
609 121
609 185
609 313
609 569
609 26
609 42
610 514
610 1
610 2
610 7
610 11
610 19
610 35
610 67
610 131
610 259
611 36
611 68
611 132
611 260
611 516
611 1
611 4
611 7
611 13
611 21
612 13
612 21
612 37
612 69
612 133
612 261
612 517
612 2
612 4
612 7
613 133
613 261
613 517
613 2
613 4
613 7
613 14
613 22
613 38
613 70
614 2
614 4
614 7
614 14
614 22
614 38
614 70
614 134
614 262
614 518
615 14
615 22
615 38
615 70
615 134
615 262
615 518
615 3
615 5
615 6
616 44
616 76
616 140
616 268
616 524
616 5
616 9
616 12
616 15
616 29
617 530
617 3
617 17
617 18
617 23
617 27
617 51
617 83
617 147
617 275
618 159
618 287
618 543
618 0
618 33
618 34
618 36
618 40
618 48
618 96
619 56
619 59
619 61
619 121
619 185
619 313
619 569
619 26
619 42
619 50
620 1
620 2
620 7
620 11
620 19
620 35
620 67
620 131
620 259
620 515
621 68
621 132
621 260
621 516
621 1
621 4
621 7
621 13
621 21
621 37
622 21
622 37
622 69
622 133
622 261
622 517
622 2
622 4
622 7
622 14
623 261
623 517
623 2
623 4
623 7
623 14
623 22
623 38
623 70
623 134
624 2
624 4
624 7
624 14
624 22
624 38
624 70
624 134
624 262
624 518
625 14
625 22
625 38
625 70
625 134
625 262
625 518
625 3
625 5
625 6
626 76
626 140
626 268
626 524
626 5
626 9
626 12
626 15
626 29
626 45
627 3
627 17
627 18
627 23
627 27
627 51
627 83
627 147
627 275
627 531
628 287
628 543
628 0
628 33
628 34
628 36
628 40
628 48
628 96
628 160
629 59
629 61
629 121
629 185
629 313
629 569
629 26
629 42
629 50
629 56
630 2
630 7
630 11
630 19
630 35
630 67
630 131
630 259
630 515
630 0
631 132
631 260
631 516
631 1
631 4
631 7
631 13
631 21
631 37
631 69
632 37
632 69
632 133
632 261
632 517
632 2
632 4
632 7
632 14
632 22
633 517
633 2
633 4
633 7
633 14
633 22
633 38
633 70
633 134
633 262
634 4
634 7
634 14
634 22
634 38
634 70
634 134
634 262
634 518
634 3
635 7
635 14
635 22
635 38
635 70
635 134
635 262
635 518
635 3
635 5
636 140
636 268
636 524
636 5
636 9
636 12
636 15
636 29
636 45
636 77
637 17
637 18
637 23
637 27
637 51
637 83
637 147
637 275
637 531
637 4
638 543
638 0
638 33
638 34
638 36
638 40
638 48
638 96
638 160
638 288
639 61
639 121
639 185
639 313
639 569
639 26
639 42
639 50
639 56
639 59
640 1
640 2
640 4
640 8
640 16
640 32
640 64
640 128
640 256
640 512
641 38
641 70
641 134
641 262
641 518
641 3
641 5
641 6
641 15
641 23
642 70
642 134
642 262
642 518
642 3
642 5
642 6
642 15
642 23
642 39
643 262
643 518
643 3
643 5
643 6
643 15
643 23
643 39
643 71
643 135
644 6
644 15
644 23
644 39
644 71
644 135
644 263
644 519
644 0
644 9
645 0
645 9
645 10
645 12
645 24
645 40
645 72
645 136
645 264
645 520
646 73
646 137
646 265
646 521
646 2
646 8
646 11
646 14
646 26
646 42
647 18
647 23
647 27
647 51
647 83
647 147
647 275
647 531
647 4
647 16
648 0
648 33
648 34
648 36
648 40
648 48
648 96
648 160
648 288
648 544
649 121
649 185
649 313
649 569
649 26
649 42
649 50
649 56
649 59
649 62
650 2
650 4
650 8
650 16
650 32
650 64
650 128
650 256
650 512
650 0
651 22
651 38
651 70
651 134
651 262
651 518
651 3
651 5
651 6
651 15
652 134
652 262
652 518
652 3
652 5
652 6
652 15
652 23
652 39
652 71
653 518
653 3
653 5
653 6
653 15
653 23
653 39
653 71
653 135
653 263
654 15
654 23
654 39
654 71
654 135
654 263
654 519
654 0
654 9
654 10
655 9
655 10
655 12
655 24
655 40
655 72
655 136
655 264
655 520
655 1
656 137
656 265
656 521
656 2
656 8
656 11
656 14
656 26
656 42
656 74
657 23
657 27
657 51
657 83
657 147
657 275
657 531
657 4
657 16
657 21
658 33
658 34
658 36
658 40
658 48
658 96
658 160
658 288
658 544
658 1
659 185
659 313
659 569
659 26
659 42
659 50
659 56
659 59
659 62
659 122
660 4
660 8
660 16
660 32
660 64
660 128
660 256
660 512
660 0
660 3
661 22
661 38
661 70
661 134
661 262
661 518
661 3
661 5
661 6
661 15
662 134
662 262
662 518
662 3
662 5
662 6
662 15
662 23
662 39
662 71
663 3
663 5
663 6
663 15
663 23
663 39
663 71
663 135
663 263
663 519
664 23
664 39
664 71
664 135
664 263
664 519
664 0
664 9
664 10
664 12
665 10
665 12
665 24
665 40
665 72
665 136
665 264
665 520
665 1
665 8
666 265
666 521
666 2
666 8
666 11
666 14
666 26
666 42
666 74
666 138
667 27
667 51
667 83
667 147
667 275
667 531
667 4
667 16
667 21
667 22
668 34
668 36
668 40
668 48
668 96
668 160
668 288
668 544
668 1
668 32
669 313
669 569
669 26
669 42
669 50
669 56
669 59
669 62
669 122
669 186
670 8
670 16
670 32
670 64
670 128
670 256
670 512
670 0
670 3
670 5
671 38
671 70
671 134
671 262
671 518
671 3
671 5
671 6
671 15
671 23
672 70
672 134
672 262
672 518
672 3
672 5
672 6
672 15
672 23
672 39
673 5
673 6
673 15
673 23
673 39
673 71
673 135
673 263
673 519
673 0
674 39
674 71
674 135
674 263
674 519
674 0
674 9
674 10
674 12
674 24
675 12
675 24
675 40
675 72
675 136
675 264
675 520
675 1
675 8
675 11
676 521
676 2
676 8
676 11
676 14
676 26
676 42
676 74
676 138
676 266
677 51
677 83
677 147
677 275
677 531
677 4
677 16
677 21
677 22
677 28
678 36
678 40
678 48
678 96
678 160
678 288
678 544
678 1
678 32
678 35
679 569
679 26
679 42
679 50
679 56
679 59
679 62
679 122
679 186
679 314
680 16
680 32
680 64
680 128
680 256
680 512
680 0
680 3
680 5
680 9
681 22
681 38
681 70
681 134
681 262
681 518
681 3
681 5
681 6
681 15
682 518
682 3
682 5
682 6
682 15
682 23
682 39
682 71
682 135
682 263
683 3
683 5
683 6
683 15
683 23
683 39
683 71
683 135
683 263
683 519
684 71
684 135
684 263
684 519
684 0
684 9
684 10
684 12
684 24
684 40
685 24
685 40
685 72
685 136
685 264
685 520
685 1
685 8
685 11
685 13
686 2
686 8
686 11
686 14
686 26
686 42
686 74
686 138
686 266
686 522
687 83
687 147
687 275
687 531
687 4
687 16
687 21
687 22
687 28
687 52
688 40
688 48
688 96
688 160
688 288
688 544
688 1
688 32
688 35
688 37
689 26
689 42
689 50
689 56
689 59
689 62
689 122
689 186
689 314
689 570
690 32
690 64
690 128
690 256
690 512
690 0
690 3
690 5
690 9
690 17
691 38
691 70
691 134
691 262
691 518
691 3
691 5
691 6
691 15
691 23
692 262
692 518
692 3
692 5
692 6
692 15
692 23
692 39
692 71
692 135
693 5
693 6
693 15
693 23
693 39
693 71
693 135
693 263
693 519
693 0
694 135
694 263
694 519
694 0
694 9
694 10
694 12
694 24
694 40
694 72
695 40
695 72
695 136
695 264
695 520
695 1
695 8
695 11
695 13
695 25
696 8
696 11
696 14
696 26
696 42
696 74
696 138
696 266
696 522
696 3
697 147
697 275
697 531
697 4
697 16
697 21
697 22
697 28
697 52
697 84
698 48
698 96
698 160
698 288
698 544
698 1
698 32
698 35
698 37
698 41
699 42
699 50
699 56
699 59
699 62
699 122
699 186
699 314
699 570
699 27
700 64
700 128
700 256
700 512
700 0
700 3
700 5
700 9
700 17
700 33
701 70
701 134
701 262
701 518
701 3
701 5
701 6
701 15
701 23
701 39
702 262
702 518
702 3
702 5
702 6
702 15
702 23
702 39
702 71
702 135
703 5
703 6
703 15
703 23
703 39
703 71
703 135
703 263
703 519
703 0
704 263
704 519
704 0
704 9
704 10
704 12
704 24
704 40
704 72
704 136
705 72
705 136
705 264
705 520
705 1
705 8
705 11
705 13
705 25
705 41
706 11
706 14
706 26
706 42
706 74
706 138
706 266
706 522
706 3
706 9
707 275
707 531
707 4
707 16
707 21
707 22
707 28
707 52
707 84
707 148
708 96
708 160
708 288
708 544
708 1
708 32
708 35
708 37
708 41
708 49
709 50
709 56
709 59
709 62
709 122
709 186
709 314
709 570
709 27
709 43
710 128
710 256
710 512
710 0
710 3
710 5
710 9
710 17
710 33
710 65
711 134
711 262
711 518
711 3
711 5
711 6
711 15
711 23
711 39
711 71
712 518
712 3
712 5
712 6
712 15
712 23
712 39
712 71
712 135
712 263
713 3
713 5
713 6
713 15
713 23
713 39
713 71
713 135
713 263
713 519
714 519
714 0
714 9
714 10
714 12
714 24
714 40
714 72
714 136
714 264
715 136
715 264
715 520
715 1
715 8
715 11
715 13
715 25
715 41
715 73
716 14
716 26
716 42
716 74
716 138
716 266
716 522
716 3
716 9
716 10
717 531
717 4
717 16
717 21
717 22
717 28
717 52
717 84
717 148
717 276
718 160
718 288
718 544
718 1
718 32
718 35
718 37
718 41
718 49
718 97
719 56
719 59
719 62
719 122
719 186
719 314
719 570
719 27
719 43
719 51
720 256
720 512
720 0
720 3
720 5
720 9
720 17
720 33
720 65
720 129
721 22
721 38
721 70
721 134
721 262
721 518
721 3
721 5
721 6
721 15
722 15
722 23
722 39
722 71
722 135
722 263
722 519
722 0
722 9
722 10
723 23
723 39
723 71
723 135
723 263
723 519
723 0
723 9
723 10
723 12
724 71
724 135
724 263
724 519
724 0
724 9
724 10
724 12
724 24
724 40
725 264
725 520
725 1
725 8
725 11
725 13
725 25
725 41
725 73
725 137
726 26
726 42
726 74
726 138
726 266
726 522
726 3
726 9
726 10
726 15
727 4
727 16
727 21
727 22
727 28
727 52
727 84
727 148
727 276
727 532
728 288
728 544
728 1
728 32
728 35
728 37
728 41
728 49
728 97
728 161
729 59
729 62
729 122
729 186
729 314
729 570
729 27
729 43
729 51
729 57
730 512
730 0
730 3
730 5
730 9
730 17
730 33
730 65
730 129
730 257
731 38
731 70
731 134
731 262
731 518
731 3
731 5
731 6
731 15
731 23
732 6
732 15
732 23
732 39
732 71
732 135
732 263
732 519
732 0
732 9
733 39
733 71
733 135
733 263
733 519
733 0
733 9
733 10
733 12
733 24
734 135
734 263
734 519
734 0
734 9
734 10
734 12
734 24
734 40
734 72
735 520
735 1
735 8
735 11
735 13
735 25
735 41
735 73
735 137
735 265
736 42
736 74
736 138
736 266
736 522
736 3
736 9
736 10
736 15
736 27
737 16
737 21
737 22
737 28
737 52
737 84
737 148
737 276
737 532
737 5
738 544
738 1
738 32
738 35
738 37
738 41
738 49
738 97
738 161
738 289
739 62
739 122
739 186
739 314
739 570
739 27
739 43
739 51
739 57
739 58
740 0
740 3
740 5
740 9
740 17
740 33
740 65
740 129
740 257
740 513
741 70
741 134
741 262
741 518
741 3
741 5
741 6
741 15
741 23
741 39
742 6
742 15
742 23
742 39
742 71
742 135
742 263
742 519
742 0
742 9
743 39
743 71
743 135
743 263
743 519
743 0
743 9
743 10
743 12
743 24
744 263
744 519
744 0
744 9
744 10
744 12
744 24
744 40
744 72
744 136
745 1
745 8
745 11
745 13
745 25
745 41
745 73
745 137
745 265
745 521
746 74
746 138
746 266
746 522
746 3
746 9
746 10
746 15
746 27
746 43
747 21
747 22
747 28
747 52
747 84
747 148
747 276
747 532
747 5
747 17
748 1
748 32
748 35
748 37
748 41
748 49
748 97
748 161
748 289
748 545
749 122
749 186
749 314
749 570
749 27
749 43
749 51
749 57
749 58
749 63
750 3
750 5
750 9
750 17
750 33
750 65
750 129
750 257
750 513
750 0
751 134
751 262
751 518
751 3
751 5
751 6
751 15
751 23
751 39
751 71
752 15
752 23
752 39
752 71
752 135
752 263
752 519
752 0
752 9
752 10
753 23
753 39
753 71
753 135
753 263
753 519
753 0
753 9
753 10
753 12
754 519
754 0
754 9
754 10
754 12
754 24
754 40
754 72
754 136
754 264
755 8
755 11
755 13
755 25
755 41
755 73
755 137
755 265
755 521
755 2
756 138
756 266
756 522
756 3
756 9
756 10
756 15
756 27
756 43
756 75
757 22
757 28
757 52
757 84
757 148
757 276
757 532
757 5
757 17
757 20
758 32
758 35
758 37
758 41
758 49
758 97
758 161
758 289
758 545
758 2
759 186
759 314
759 570
759 27
759 43
759 51
759 57
759 58
759 63
759 123
760 5
760 9
760 17
760 33
760 65
760 129
760 257
760 513
760 0
760 3
761 262
761 518
761 3
761 5
761 6
761 15
761 23
761 39
761 71
761 135
762 6
762 15
762 23
762 39
762 71
762 135
762 263
762 519
762 0
762 9
763 135
763 263
763 519
763 0
763 9
763 10
763 12
763 24
763 40
763 72
764 263
764 519
764 0
764 9
764 10
764 12
764 24
764 40
764 72
764 136
765 11
765 13
765 25
765 41
765 73
765 137
765 265
765 521
765 2
765 8
766 266
766 522
766 3
766 9
766 10
766 15
766 27
766 43
766 75
766 139
767 28
767 52
767 84
767 148
767 276
767 532
767 5
767 17
767 20
767 23
768 35
768 37
768 41
768 49
768 97
768 161
768 289
768 545
768 2
768 32
769 314
769 570
769 27
769 43
769 51
769 57
769 58
769 63
769 123
769 187
770 9
770 17
770 33
770 65
770 129
770 257
770 513
770 0
770 3
770 6
771 518
771 3
771 5
771 6
771 15
771 23
771 39
771 71
771 135
771 263
772 15
772 23
772 39
772 71
772 135
772 263
772 519
772 0
772 9
772 10
773 71
773 135
773 263
773 519
773 0
773 9
773 10
773 12
773 24
773 40
774 519
774 0
774 9
774 10
774 12
774 24
774 40
774 72
774 136
774 264
775 13
775 25
775 41
775 73
775 137
775 265
775 521
775 2
775 8
775 11
776 522
776 3
776 9
776 10
776 15
776 27
776 43
776 75
776 139
776 267
777 52
777 84
777 148
777 276
777 532
777 5
777 17
777 20
777 23
777 29
778 37
778 41
778 49
778 97
778 161
778 289
778 545
778 2
778 32
778 35
779 570
779 27
779 43
779 51
779 57
779 58
779 63
779 123
779 187
779 315
780 17
780 33
780 65
780 129
780 257
780 513
780 0
780 3
780 6
780 10
781 3
781 5
781 6
781 15
781 23
781 39
781 71
781 135
781 263
781 519
782 23
782 39
782 71
782 135
782 263
782 519
782 0
782 9
782 10
782 12
783 71
783 135
783 263
783 519
783 0
783 9
783 10
783 12
783 24
783 40
784 519
784 0
784 9
784 10
784 12
784 24
784 40
784 72
784 136
784 264
785 25
785 41
785 73
785 137
785 265
785 521
785 2
785 8
785 11
785 14
786 3
786 9
786 10
786 15
786 27
786 43
786 75
786 139
786 267
786 523
787 84
787 148
787 276
787 532
787 5
787 17
787 20
787 23
787 29
787 53
788 41
788 49
788 97
788 161
788 289
788 545
788 2
788 32
788 35
788 38
789 27
789 43
789 51
789 57
789 58
789 63
789 123
789 187
789 315
789 571
790 33
790 65
790 129
790 257
790 513
790 0
790 3
790 6
790 10
790 18
791 5
791 6
791 15
791 23
791 39
791 71
791 135
791 263
791 519
791 0
792 39
792 71
792 135
792 263
792 519
792 0
792 9
792 10
792 12
792 24
793 135
793 263
793 519
793 0
793 9
793 10
793 12
793 24
793 40
793 72
794 263
794 519
794 0
794 9
794 10
794 12
794 24
794 40
794 72
794 136
795 41
795 73
795 137
795 265
795 521
795 2
795 8
795 11
795 14
795 26
796 9
796 10
796 15
796 27
796 43
796 75
796 139
796 267
796 523
796 4
797 148
797 276
797 532
797 5
797 17
797 20
797 23
797 29
797 53
797 85
798 49
798 97
798 161
798 289
798 545
798 2
798 32
798 35
798 38
798 42
799 43
799 51
799 57
799 58
799 63
799 123
799 187
799 315
799 571
799 28
800 65
800 129
800 257
800 513
800 0
800 3
800 6
800 10
800 18
800 34
801 22
801 38
801 70
801 134
801 262
801 518
801 3
801 5
801 6
801 15
802 9
802 10
802 12
802 24
802 40
802 72
802 136
802 264
802 520
802 1
803 10
803 12
803 24
803 40
803 72
803 136
803 264
803 520
803 1
803 8
804 24
804 40
804 72
804 136
804 264
804 520
804 1
804 8
804 11
804 13
805 264
805 520
805 1
805 8
805 11
805 13
805 25
805 41
805 73
805 137
806 10
806 15
806 27
806 43
806 75
806 139
806 267
806 523
806 4
806 8
807 276
807 532
807 5
807 17
807 20
807 23
807 29
807 53
807 85
807 149
808 97
808 161
808 289
808 545
808 2
808 32
808 35
808 38
808 42
808 50
809 51
809 57
809 58
809 63
809 123
809 187
809 315
809 571
809 28
809 44
810 129
810 257
810 513
810 0
810 3
810 6
810 10
810 18
810 34
810 66
811 38
811 70
811 134
811 262
811 518
811 3
811 5
811 6
811 15
811 23
812 0
812 9
812 10
812 12
812 24
812 40
812 72
812 136
812 264
812 520
813 12
813 24
813 40
813 72
813 136
813 264
813 520
813 1
813 8
813 11
814 40
814 72
814 136
814 264
814 520
814 1
814 8
814 11
814 13
814 25
815 520
815 1
815 8
815 11
815 13
815 25
815 41
815 73
815 137
815 265
816 15
816 27
816 43
816 75
816 139
816 267
816 523
816 4
816 8
816 13
817 532
817 5
817 17
817 20
817 23
817 29
817 53
817 85
817 149
817 277
818 161
818 289
818 545
818 2
818 32
818 35
818 38
818 42
818 50
818 98
819 57
819 58
819 63
819 123
819 187
819 315
819 571
819 28
819 44
819 52
820 257
820 513
820 0
820 3
820 6
820 10
820 18
820 34
820 66
820 130
821 70
821 134
821 262
821 518
821 3
821 5
821 6
821 15
821 23
821 39
822 0
822 9
822 10
822 12
822 24
822 40
822 72
822 136
822 264
822 520
823 12
823 24
823 40
823 72
823 136
823 264
823 520
823 1
823 8
823 11
824 72
824 136
824 264
824 520
824 1
824 8
824 11
824 13
824 25
824 41
825 1
825 8
825 11
825 13
825 25
825 41
825 73
825 137
825 265
825 521
826 27
826 43
826 75
826 139
826 267
826 523
826 4
826 8
826 13
826 14
827 5
827 17
827 20
827 23
827 29
827 53
827 85
827 149
827 277
827 533
828 289
828 545
828 2
828 32
828 35
828 38
828 42
828 50
828 98
828 162
829 58
829 63
829 123
829 187
829 315
829 571
829 28
829 44
829 52
829 56
830 513
830 0
830 3
830 6
830 10
830 18
830 34
830 66
830 130
830 258
831 134
831 262
831 518
831 3
831 5
831 6
831 15
831 23
831 39
831 71
832 9
832 10
832 12
832 24
832 40
832 72
832 136
832 264
832 520
832 1
833 10
833 12
833 24
833 40
833 72
833 136
833 264
833 520
833 1
833 8
834 136
834 264
834 520
834 1
834 8
834 11
834 13
834 25
834 41
834 73
835 8
835 11
835 13
835 25
835 41
835 73
835 137
835 265
835 521
835 2
836 43
836 75
836 139
836 267
836 523
836 4
836 8
836 13
836 14
836 28
837 17
837 20
837 23
837 29
837 53
837 85
837 149
837 277
837 533
837 6
838 545
838 2
838 32
838 35
838 38
838 42
838 50
838 98
838 162
838 290
839 63
839 123
839 187
839 315
839 571
839 28
839 44
839 52
839 56
839 61
840 0
840 3
840 6
840 10
840 18
840 34
840 66
840 130
840 258
840 514
841 262
841 518
841 3
841 5
841 6
841 15
841 23
841 39
841 71
841 135
842 0
842 9
842 10
842 12
842 24
842 40
842 72
842 136
842 264
842 520
843 40
843 72
843 136
843 264
843 520
843 1
843 8
843 11
843 13
843 25
844 72
844 136
844 264
844 520
844 1
844 8
844 11
844 13
844 25
844 41
845 11
845 13
845 25
845 41
845 73
845 137
845 265
845 521
845 2
845 8
846 75
846 139
846 267
846 523
846 4
846 8
846 13
846 14
846 28
846 44
847 20
847 23
847 29
847 53
847 85
847 149
847 277
847 533
847 6
847 18
848 2
848 32
848 35
848 38
848 42
848 50
848 98
848 162
848 290
848 546
849 123
849 187
849 315
849 571
849 28
849 44
849 52
849 56
849 61
849 62
850 3
850 6
850 10
850 18
850 34
850 66
850 130
850 258
850 514
850 1
851 518
851 3
851 5
851 6
851 15
851 23
851 39
851 71
851 135
851 263
852 9
852 10
852 12
852 24
852 40
852 72
852 136
852 264
852 520
852 1
853 24
853 40
853 72
853 136
853 264
853 520
853 1
853 8
853 11
853 13
854 136
854 264
854 520
854 1
854 8
854 11
854 13
854 25
854 41
854 73
855 13
855 25
855 41
855 73
855 137
855 265
855 521
855 2
855 8
855 11
856 139
856 267
856 523
856 4
856 8
856 13
856 14
856 28
856 44
856 76
857 23
857 29
857 53
857 85
857 149
857 277
857 533
857 6
857 18
857 20
858 32
858 35
858 38
858 42
858 50
858 98
858 162
858 290
858 546
858 3
859 187
859 315
859 571
859 28
859 44
859 52
859 56
859 61
859 62
859 124
860 6
860 10
860 18
860 34
860 66
860 130
860 258
860 514
860 1
860 2
861 3
861 5
861 6
861 15
861 23
861 39
861 71
861 135
861 263
861 519
862 10
862 12
862 24
862 40
862 72
862 136
862 264
862 520
862 1
862 8
863 24
863 40
863 72
863 136
863 264
863 520
863 1
863 8
863 11
863 13
864 136
864 264
864 520
864 1
864 8
864 11
864 13
864 25
864 41
864 73
865 25
865 41
865 73
865 137
865 265
865 521
865 2
865 8
865 11
865 14
866 267
866 523
866 4
866 8
866 13
866 14
866 28
866 44
866 76
866 140
867 29
867 53
867 85
867 149
867 277
867 533
867 6
867 18
867 20
867 23
868 35
868 38
868 42
868 50
868 98
868 162
868 290
868 546
868 3
868 33
869 315
869 571
869 28
869 44
869 52
869 56
869 61
869 62
869 124
869 188
870 10
870 18
870 34
870 66
870 130
870 258
870 514
870 1
870 2
870 7
871 5
871 6
871 15
871 23
871 39
871 71
871 135
871 263
871 519
871 0
872 12
872 24
872 40
872 72
872 136
872 264
872 520
872 1
872 8
872 11
873 40
873 72
873 136
873 264
873 520
873 1
873 8
873 11
873 13
873 25
874 72
874 136
874 264
874 520
874 1
874 8
874 11
874 13
874 25
874 41
875 41
875 73
875 137
875 265
875 521
875 2
875 8
875 11
875 14
875 26
876 523
876 4
876 8
876 13
876 14
876 28
876 44
876 76
876 140
876 268
877 53
877 85
877 149
877 277
877 533
877 6
877 18
877 20
877 23
877 30
878 38
878 42
878 50
878 98
878 162
878 290
878 546
878 3
878 33
878 34
879 571
879 28
879 44
879 52
879 56
879 61
879 62
879 124
879 188
879 316
880 18
880 34
880 66
880 130
880 258
880 514
880 1
880 2
880 7
880 11
881 6
881 15
881 23
881 39
881 71
881 135
881 263
881 519
881 0
881 9
882 0
882 9
882 10
882 12
882 24
882 40
882 72
882 136
882 264
882 520
883 520
883 1
883 8
883 11
883 13
883 25
883 41
883 73
883 137
883 265
884 1
884 8
884 11
884 13
884 25
884 41
884 73
884 137
884 265
884 521
885 11
885 13
885 25
885 41
885 73
885 137
885 265
885 521
885 2
885 8
886 4
886 8
886 13
886 14
886 28
886 44
886 76
886 140
886 268
886 524
887 85
887 149
887 277
887 533
887 6
887 18
887 20
887 23
887 30
887 54
888 42
888 50
888 98
888 162
888 290
888 546
888 3
888 33
888 34
888 39
889 28
889 44
889 52
889 56
889 61
889 62
889 124
889 188
889 316
889 572
890 34
890 66
890 130
890 258
890 514
890 1
890 2
890 7
890 11
890 19
891 15
891 23
891 39
891 71
891 135
891 263
891 519
891 0
891 9
891 10
892 9
892 10
892 12
892 24
892 40
892 72
892 136
892 264
892 520
892 1
893 264
893 520
893 1
893 8
893 11
893 13
893 25
893 41
893 73
893 137
894 8
894 11
894 13
894 25
894 41
894 73
894 137
894 265
894 521
894 2
895 13
895 25
895 41
895 73
895 137
895 265
895 521
895 2
895 8
895 11
896 8
896 13
896 14
896 28
896 44
896 76
896 140
896 268
896 524
896 5
897 149
897 277
897 533
897 6
897 18
897 20
897 23
897 30
897 54
897 86
898 50
898 98
898 162
898 290
898 546
898 3
898 33
898 34
898 39
898 43
899 44
899 52
899 56
899 61
899 62
899 124
899 188
899 316
899 572
899 29
900 66
900 130
900 258
900 514
900 1
900 2
900 7
900 11
900 19
900 35
901 23
901 39
901 71
901 135
901 263
901 519
901 0
901 9
901 10
901 12
902 10
902 12
902 24
902 40
902 72
902 136
902 264
902 520
902 1
902 8
903 264
903 520
903 1
903 8
903 11
903 13
903 25
903 41
903 73
903 137
904 8
904 11
904 13
904 25
904 41
904 73
904 137
904 265
904 521
904 2
905 25
905 41
905 73
905 137
905 265
905 521
905 2
905 8
905 11
905 14
906 13
906 14
906 28
906 44
906 76
906 140
906 268
906 524
906 5
906 9
907 277
907 533
907 6
907 18
907 20
907 23
907 30
907 54
907 86
907 150
908 98
908 162
908 290
908 546
908 3
908 33
908 34
908 39
908 43
908 51
909 52
909 56
909 61
909 62
909 124
909 188
909 316
909 572
909 29
909 45
910 130
910 258
910 514
910 1
910 2
910 7
910 11
910 19
910 35
910 67
911 39
911 71
911 135
911 263
911 519
911 0
911 9
911 10
911 12
911 24
912 12
912 24
912 40
912 72
912 136
912 264
912 520
912 1
912 8
912 11
913 520
913 1
913 8
913 11
913 13
913 25
913 41
913 73
913 137
913 265
914 1
914 8
914 11
914 13
914 25
914 41
914 73
914 137
914 265
914 521
915 41
915 73
915 137
915 265
915 521
915 2
915 8
915 11
915 14
915 26
916 14
916 28
916 44
916 76
916 140
916 268
916 524
916 5
916 9
916 12
917 533
917 6
917 18
917 20
917 23
917 30
917 54
917 86
917 150
917 278
918 162
918 290
918 546
918 3
918 33
918 34
918 39
918 43
918 51
918 99
919 56
919 61
919 62
919 124
919 188
919 316
919 572
919 29
919 45
919 53
920 258
920 514
920 1
920 2
920 7
920 11
920 19
920 35
920 67
920 131
921 71
921 135
921 263
921 519
921 0
921 9
921 10
921 12
921 24
921 40
922 24
922 40
922 72
922 136
922 264
922 520
922 1
922 8
922 11
922 13
923 264
923 520
923 1
923 8
923 11
923 13
923 25
923 41
923 73
923 137
924 13
924 25
924 41
924 73
924 137
924 265
924 521
924 2
924 8
924 11
925 25
925 41
925 73
925 137
925 265
925 521
925 2
925 8
925 11
925 14
926 28
926 44
926 76
926 140
926 268
926 524
926 5
926 9
926 12
926 15
927 6
927 18
927 20
927 23
927 30
927 54
927 86
927 150
927 278
927 534
928 290
928 546
928 3
928 33
928 34
928 39
928 43
928 51
928 99
928 163
929 61
929 62
929 124
929 188
929 316
929 572
929 29
929 45
929 53
929 57
930 514
930 1
930 2
930 7
930 11
930 19
930 35
930 67
930 131
930 259
931 135
931 263
931 519
931 0
931 9
931 10
931 12
931 24
931 40
931 72
932 40
932 72
932 136
932 264
932 520
932 1
932 8
932 11
932 13
932 25
933 520
933 1
933 8
933 11
933 13
933 25
933 41
933 73
933 137
933 265
934 11
934 13
934 25
934 41
934 73
934 137
934 265
934 521
934 2
934 8
935 41
935 73
935 137
935 265
935 521
935 2
935 8
935 11
935 14
935 26
936 44
936 76
936 140
936 268
936 524
936 5
936 9
936 12
936 15
936 29
937 18
937 20
937 23
937 30
937 54
937 86
937 150
937 278
937 534
937 7
938 546
938 3
938 33
938 34
938 39
938 43
938 51
938 99
938 163
938 291
939 62
939 124
939 188
939 316
939 572
939 29
939 45
939 53
939 57
939 60
940 1
940 2
940 7
940 11
940 19
940 35
940 67
940 131
940 259
940 515
941 263
941 519
941 0
941 9
941 10
941 12
941 24
941 40
941 72
941 136
942 72
942 136
942 264
942 520
942 1
942 8
942 11
942 13
942 25
942 41
943 1
943 8
943 11
943 13
943 25
943 41
943 73
943 137
943 265
943 521
944 11
944 13
944 25
944 41
944 73
944 137
944 265
944 521
944 2
944 8
945 41
945 73
945 137
945 265
945 521
945 2
945 8
945 11
945 14
945 26
946 76
946 140
946 268
946 524
946 5
946 9
946 12
946 15
946 29
946 45
947 20
947 23
947 30
947 54
947 86
947 150
947 278
947 534
947 7
947 19
948 3
948 33
948 34
948 39
948 43
948 51
948 99
948 163
948 291
948 547
949 124
949 188
949 316
949 572
949 29
949 45
949 53
949 57
949 60
949 63
950 2
950 7
950 11
950 19
950 35
950 67
950 131
950 259
950 515
950 0
951 519
951 0
951 9
951 10
951 12
951 24
951 40
951 72
951 136
951 264
952 136
952 264
952 520
952 1
952 8
952 11
952 13
952 25
952 41
952 73
953 8
953 11
953 13
953 25
953 41
953 73
953 137
953 265
953 521
953 2
954 13
954 25
954 41
954 73
954 137
954 265
954 521
954 2
954 8
954 11
955 25
955 41
955 73
955 137
955 265
955 521
955 2
955 8
955 11
955 14
956 140
956 268
956 524
956 5
956 9
956 12
956 15
956 29
956 45
956 77
957 23
957 30
957 54
957 86
957 150
957 278
957 534
957 7
957 19
957 21
958 33
958 34
958 39
958 43
958 51
958 99
958 163
958 291
958 547
958 4
959 188
959 316
959 572
959 29
959 45
959 53
959 57
959 60
959 63
959 125
960 7
960 11
960 19
960 35
960 67
960 131
960 259
960 515
960 0
960 5
961 22
961 38
961 70
961 134
961 262
961 518
961 3
961 5
961 6
961 15
962 137
962 265
962 521
962 2
962 8
962 11
962 14
962 26
962 42
962 74
963 265
963 521
963 2
963 8
963 11
963 14
963 26
963 42
963 74
963 138
964 2
964 8
964 11
964 14
964 26
964 42
964 74
964 138
964 266
964 522
965 26
965 42
965 74
965 138
965 266
965 522
965 3
965 9
965 10
965 15
966 10
966 15
966 27
966 43
966 75
966 139
966 267
966 523
966 4
966 8
967 30
967 54
967 86
967 150
967 278
967 534
967 7
967 19
967 21
967 22
968 34
968 39
968 43
968 51
968 99
968 163
968 291
968 547
968 4
968 32
969 316
969 572
969 29
969 45
969 53
969 57
969 60
969 63
969 125
969 189
970 11
970 19
970 35
970 67
970 131
970 259
970 515
970 0
970 5
970 6
971 38
971 70
971 134
971 262
971 518
971 3
971 5
971 6
971 15
971 23
972 73
972 137
972 265
972 521
972 2
972 8
972 11
972 14
972 26
972 42
973 521
973 2
973 8
973 11
973 14
973 26
973 42
973 74
973 138
973 266
974 8
974 11
974 14
974 26
974 42
974 74
974 138
974 266
974 522
974 3
975 42
975 74
975 138
975 266
975 522
975 3
975 9
975 10
975 15
975 27
976 15
976 27
976 43
976 75
976 139
976 267
976 523
976 4
976 8
976 13
977 54
977 86
977 150
977 278
977 534
977 7
977 19
977 21
977 22
977 31
978 39
978 43
978 51
978 99
978 163
978 291
978 547
978 4
978 32
978 37
979 572
979 29
979 45
979 53
979 57
979 60
979 63
979 125
979 189
979 317
980 19
980 35
980 67
980 131
980 259
980 515
980 0
980 5
980 6
980 12
981 70
981 134
981 262
981 518
981 3
981 5
981 6
981 15
981 23
981 39
982 73
982 137
982 265
982 521
982 2
982 8
982 11
982 14
982 26
982 42
983 521
983 2
983 8
983 11
983 14
983 26
983 42
983 74
983 138
983 266
984 11
984 14
984 26
984 42
984 74
984 138
984 266
984 522
984 3
984 9
985 74
985 138
985 266
985 522
985 3
985 9
985 10
985 15
985 27
985 43
986 27
986 43
986 75
986 139
986 267
986 523
986 4
986 8
986 13
986 14
987 86
987 150
987 278
987 534
987 7
987 19
987 21
987 22
987 31
987 55
988 43
988 51
988 99
988 163
988 291
988 547
988 4
988 32
988 37
988 38
989 29
989 45
989 53
989 57
989 60
989 63
989 125
989 189
989 317
989 573
990 35
990 67
990 131
990 259
990 515
990 0
990 5
990 6
990 12
990 20
991 134
991 262
991 518
991 3
991 5
991 6
991 15
991 23
991 39
991 71
992 137
992 265
992 521
992 2
992 8
992 11
992 14
992 26
992 42
992 74
993 265
993 521
993 2
993 8
993 11
993 14
993 26
993 42
993 74
993 138
994 14
994 26
994 42
994 74
994 138
994 266
994 522
994 3
994 9
994 10
995 138
995 266
995 522
995 3
995 9
995 10
995 15
995 27
995 43
995 75
996 43
996 75
996 139
996 267
996 523
996 4
996 8
996 13
996 14
996 28
997 150
997 278
997 534
997 7
997 19
997 21
997 22
997 31
997 55
997 87
998 51
998 99
998 163
998 291
998 547
998 4
998 32
998 37
998 38
998 44
999 45
999 53
999 57
999 60
999 63
999 125
999 189
999 317
999 573
999 30
1000 67
1000 131
1000 259
1000 515
1000 0
1000 5
1000 6
1000 12
1000 20
1000 36
1001 262
1001 518
1001 3
1001 5
1001 6
1001 15
1001 23
1001 39
1001 71
1001 135
1002 73
1002 137
1002 265
1002 521
1002 2
1002 8
1002 11
1002 14
1002 26
1002 42
1003 8
1003 11
1003 14
1003 26
1003 42
1003 74
1003 138
1003 266
1003 522
1003 3
1004 11
1004 14
1004 26
1004 42
1004 74
1004 138
1004 266
1004 522
1004 3
1004 9
1005 266
1005 522
1005 3
1005 9
1005 10
1005 15
1005 27
1005 43
1005 75
1005 139
1006 75
1006 139
1006 267
1006 523
1006 4
1006 8
1006 13
1006 14
1006 28
1006 44
1007 278
1007 534
1007 7
1007 19
1007 21
1007 22
1007 31
1007 55
1007 87
1007 151
1008 99
1008 163
1008 291
1008 547
1008 4
1008 32
1008 37
1008 38
1008 44
1008 52
1009 53
1009 57
1009 60
1009 63
1009 125
1009 189
1009 317
1009 573
1009 30
1009 46
1010 131
1010 259
1010 515
1010 0
1010 5
1010 6
1010 12
1010 20
1010 36
1010 68
1011 518
1011 3
1011 5
1011 6
1011 15
1011 23
1011 39
1011 71
1011 135
1011 263
1012 137
1012 265
1012 521
1012 2
1012 8
1012 11
1012 14
1012 26
1012 42
1012 74
1013 2
1013 8
1013 11
1013 14
1013 26
1013 42
1013 74
1013 138
1013 266
1013 522
1014 14
1014 26
1014 42
1014 74
1014 138
1014 266
1014 522
1014 3
1014 9
1014 10
1015 522
1015 3
1015 9
1015 10
1015 15
1015 27
1015 43
1015 75
1015 139
1015 267
1016 139
1016 267
1016 523
1016 4
1016 8
1016 13
1016 14
1016 28
1016 44
1016 76
1017 534
1017 7
1017 19
1017 21
1017 22
1017 31
1017 55
1017 87
1017 151
1017 279
1018 163
1018 291
1018 547
1018 4
1018 32
1018 37
1018 38
1018 44
1018 52
1018 100
1019 57
1019 60
1019 63
1019 125
1019 189
1019 317
1019 573
1019 30
1019 46
1019 54
1020 259
1020 515
1020 0
1020 5
1020 6
1020 12
1020 20
1020 36
1020 68
1020 132
1021 3
1021 5
1021 6
1021 15
1021 23
1021 39
1021 71
1021 135
1021 263
1021 519
1022 265
1022 521
1022 2
1022 8
1022 11
1022 14
1022 26
1022 42
1022 74
1022 138
1023 2
1023 8
1023 11
1023 14
1023 26
1023 42
1023 74
1023 138
1023 266
1023 522
