0 1
0 33
1 0
1 2
1 34
2 1
2 3
2 35
3 2
3 4
3 36
4 3
4 5
4 37
5 4
5 6
5 38
6 5
6 7
6 39
7 6
7 8
7 40
8 7
8 9
8 41
9 8
9 10
9 42
10 9
10 11
10 43
11 10
11 12
11 44
12 11
12 13
12 45
13 12
13 14
13 46
14 13
14 15
14 47
15 14
15 16
15 48
16 15
16 17
16 49
17 16
17 18
17 50
18 17
18 19
18 51
19 18
19 20
19 52
20 19
20 21
20 53
21 20
21 22
21 54
22 21
22 23
22 55
23 22
23 24
23 56
24 23
24 25
24 57
25 24
25 26
25 58
26 25
26 27
26 59
27 26
27 28
27 60
28 27
28 29
28 61
29 28
29 30
29 62
30 29
30 31
30 63
31 30
31 32
31 64
32 31
32 65
33 0
33 34
33 66
34 1
34 33
34 35
34 67
35 2
35 34
35 36
35 68
36 3
36 35
36 37
36 69
37 4
37 36
37 38
37 70
38 5
38 37
38 39
38 71
39 6
39 38
39 40
39 72
40 7
40 39
40 41
40 73
41 8
41 40
41 42
41 74
42 9
42 41
42 43
42 75
43 10
43 42
43 44
43 76
44 11
44 43
44 45
44 77
45 12
45 44
45 46
45 78
46 13
46 45
46 47
46 79
47 14
47 46
47 48
47 80
48 15
48 47
48 49
48 81
49 16
49 48
49 50
49 82
50 17
50 49
50 51
50 83
51 18
51 50
51 52
51 84
52 19
52 51
52 53
52 85
53 20
53 52
53 54
53 86
54 21
54 53
54 55
54 87
55 22
55 54
55 56
55 88
56 23
56 55
56 57
56 89
57 24
57 56
57 58
57 90
58 25
58 57
58 59
58 91
59 26
59 58
59 60
59 92
60 27
60 59
60 61
60 93
61 28
61 60
61 62
61 94
62 29
62 61
62 63
62 95
63 30
63 62
63 64
63 96
64 31
64 63
64 65
64 97
65 32
65 64
65 98
66 33
66 67
66 99
67 34
67 66
67 68
67 100
68 35
68 67
68 69
68 101
69 36
69 68
69 70
69 102
70 37
70 69
70 71
70 103
71 38
71 70
71 72
71 104
72 39
72 71
72 73
72 105
73 40
73 72
73 74
73 106
74 41
74 73
74 75
74 107
75 42
75 74
75 76
75 108
76 43
76 75
76 77
76 109
77 44
77 76
77 78
77 110
78 45
78 77
78 79
78 111
79 46
79 78
79 80
79 112
80 47
80 79
80 81
80 113
81 48
81 80
81 82
81 114
82 49
82 81
82 83
82 115
83 50
83 82
83 84
83 116
84 51
84 83
84 85
84 117
85 52
85 84
85 86
85 118
86 53
86 85
86 87
86 119
87 54
87 86
87 88
87 120
88 55
88 87
88 89
88 121
89 56
89 88
89 90
89 122
90 57
90 89
90 91
90 123
91 58
91 90
91 92
91 124
92 59
92 91
92 93
92 125
93 60
93 92
93 94
93 126
94 61
94 93
94 95
94 127
95 62
95 94
95 96
95 128
96 63
96 95
96 97
96 129
97 64
97 96
97 98
97 130
98 65
98 97
98 131
99 66
99 100
99 132
100 67
100 99
100 101
100 133
101 68
101 100
101 102
101 134
102 69
102 101
102 103
102 135
103 70
103 102
103 104
103 136
104 71
104 103
104 105
104 137
105 72
105 104
105 106
105 138
106 73
106 105
106 107
106 139
107 74
107 106
107 108
107 140
108 75
108 107
108 109
108 141
109 76
109 108
109 110
109 142
110 77
110 109
110 111
110 143
111 78
111 110
111 112
111 144
112 79
112 111
112 113
112 145
113 80
113 112
113 114
113 146
114 81
114 113
114 115
114 147
115 82
115 114
115 116
115 148
116 83
116 115
116 117
116 149
117 84
117 116
117 118
117 150
118 85
118 117
118 119
118 151
119 86
119 118
119 120
119 152
120 87
120 119
120 121
120 153
121 88
121 120
121 122
121 154
122 89
122 121
122 123
122 155
123 90
123 122
123 124
123 156
124 91
124 123
124 125
124 157
125 92
125 124
125 126
125 158
126 93
126 125
126 127
126 159
127 94
127 126
127 128
127 160
128 95
128 127
128 129
128 161
129 96
129 128
129 130
129 162
130 97
130 129
130 131
130 163
131 98
131 130
131 164
132 99
132 133
132 165
133 100
133 132
133 134
133 166
134 101
134 133
134 135
134 167
135 102
135 134
135 136
135 168
136 103
136 135
136 137
136 169
137 104
137 136
137 138
137 170
138 105
138 137
138 139
138 171
139 106
139 138
139 140
139 172
140 107
140 139
140 141
140 173
141 108
141 140
141 142
141 174
142 109
142 141
142 143
142 175
143 110
143 142
143 144
143 176
144 111
144 143
144 145
144 177
145 112
145 144
145 146
145 178
146 113
146 145
146 147
146 179
147 114
147 146
147 148
147 180
148 115
148 147
148 149
148 181
149 116
149 148
149 150
149 182
150 117
150 149
150 151
150 183
151 118
151 150
151 152
151 184
152 119
152 151
152 153
152 185
153 120
153 152
153 154
153 186
154 121
154 153
154 155
154 187
155 122
155 154
155 156
155 188
156 123
156 155
156 157
156 189
157 124
157 156
157 158
157 190
158 125
158 157
158 159
158 191
159 126
159 158
159 160
159 192
160 127
160 159
160 161
160 193
161 128
161 160
161 162
161 194
162 129
162 161
162 163
162 195
163 130
163 162
163 164
163 196
164 131
164 163
164 197
165 132
165 166
165 198
166 133
166 165
166 167
166 199
167 134
167 166
167 168
167 200
168 135
168 167
168 169
168 201
169 136
169 168
169 170
169 202
170 137
170 169
170 171
170 203
171 138
171 170
171 172
171 204
172 139
172 171
172 173
172 205
173 140
173 172
173 174
173 206
174 141
174 173
174 175
174 207
175 142
175 174
175 176
175 208
176 143
176 175
176 177
176 209
177 144
177 176
177 178
177 210
178 145
178 177
178 179
178 211
179 146
179 178
179 180
179 212
180 147
180 179
180 181
180 213
181 148
181 180
181 182
181 214
182 149
182 181
182 183
182 215
183 150
183 182
183 184
183 216
184 151
184 183
184 185
184 217
185 152
185 184
185 186
185 218
186 153
186 185
186 187
186 219
187 154
187 186
187 188
187 220
188 155
188 187
188 189
188 221
189 156
189 188
189 190
189 222
190 157
190 189
190 191
190 223
191 158
191 190
191 192
191 224
192 159
192 191
192 193
192 225
193 160
193 192
193 194
193 226
194 161
194 193
194 195
194 227
195 162
195 194
195 196
195 228
196 163
196 195
196 197
196 229
197 164
197 196
197 230
198 165
198 199
198 231
199 166
199 198
199 200
199 232
200 167
200 199
200 201
200 233
201 168
201 200
201 202
201 234
202 169
202 201
202 203
202 235
203 170
203 202
203 204
203 236
204 171
204 203
204 205
204 237
205 172
205 204
205 206
205 238
206 173
206 205
206 207
206 239
207 174
207 206
207 208
207 240
208 175
208 207
208 209
208 241
209 176
209 208
209 210
209 242
210 177
210 209
210 211
210 243
211 178
211 210
211 212
211 244
212 179
212 211
212 213
212 245
213 180
213 212
213 214
213 246
214 181
214 213
214 215
214 247
215 182
215 214
215 216
215 248
216 183
216 215
216 217
216 249
217 184
217 216
217 218
217 250
218 185
218 217
218 219
218 251
219 186
219 218
219 220
219 252
220 187
220 219
220 221
220 253
221 188
221 220
221 222
221 254
222 189
222 221
222 223
222 255
223 190
223 222
223 224
223 256
224 191
224 223
224 225
224 257
225 192
225 224
225 226
225 258
226 193
226 225
226 227
226 259
227 194
227 226
227 228
227 260
228 195
228 227
228 229
228 261
229 196
229 228
229 230
229 262
230 197
230 229
230 263
231 198
231 232
231 264
232 199
232 231
232 233
232 265
233 200
233 232
233 234
233 266
234 201
234 233
234 235
234 267
235 202
235 234
235 236
235 268
236 203
236 235
236 237
236 269
237 204
237 236
237 238
237 270
238 205
238 237
238 239
238 271
239 206
239 238
239 240
239 272
240 207
240 239
240 241
240 273
241 208
241 240
241 242
241 274
242 209
242 241
242 243
242 275
243 210
243 242
243 244
243 276
244 211
244 243
244 245
244 277
245 212
245 244
245 246
245 278
246 213
246 245
246 247
246 279
247 214
247 246
247 248
247 280
248 215
248 247
248 249
248 281
249 216
249 248
249 250
249 282
250 217
250 249
250 251
250 283
251 218
251 250
251 252
251 284
252 219
252 251
252 253
252 285
253 220
253 252
253 254
253 286
254 221
254 253
254 255
254 287
255 222
255 254
255 256
255 288
256 223
256 255
256 257
256 289
257 224
257 256
257 258
257 290
258 225
258 257
258 259
258 291
259 226
259 258
259 260
259 292
260 227
260 259
260 261
260 293
261 228
261 260
261 262
261 294
262 229
262 261
262 263
262 295
263 230
263 262
263 296
264 231
264 265
264 297
265 232
265 264
265 266
265 298
266 233
266 265
266 267
266 299
267 234
267 266
267 268
267 300
268 235
268 267
268 269
268 301
269 236
269 268
269 270
269 302
270 237
270 269
270 271
270 303
271 238
271 270
271 272
271 304
272 239
272 271
272 273
272 305
273 240
273 272
273 274
273 306
274 241
274 273
274 275
274 307
275 242
275 274
275 276
275 308
276 243
276 275
276 277
276 309
277 244
277 276
277 278
277 310
278 245
278 277
278 279
278 311
279 246
279 278
279 280
279 312
280 247
280 279
280 281
280 313
281 248
281 280
281 282
281 314
282 249
282 281
282 283
282 315
283 250
283 282
283 284
283 316
284 251
284 283
284 285
284 317
285 252
285 284
285 286
285 318
286 253
286 285
286 287
286 319
287 254
287 286
287 288
287 320
288 255
288 287
288 289
288 321
289 256
289 288
289 290
289 322
290 257
290 289
290 291
290 323
291 258
291 290
291 292
291 324
292 259
292 291
292 293
292 325
293 260
293 292
293 294
293 326
294 261
294 293
294 295
294 327
295 262
295 294
295 296
295 328
296 263
296 295
296 329
297 264
297 298
297 330
298 265
298 297
298 299
298 331
299 266
299 298
299 300
299 332
300 267
300 299
300 301
300 333
301 268
301 300
301 302
301 334
302 269
302 301
302 303
302 335
303 270
303 302
303 304
303 336
304 271
304 303
304 305
304 337
305 272
305 304
305 306
305 338
306 273
306 305
306 307
306 339
307 274
307 306
307 308
307 340
308 275
308 307
308 309
308 341
309 276
309 308
309 310
309 342
310 277
310 309
310 311
310 343
311 278
311 310
311 312
311 344
312 279
312 311
312 313
312 345
313 280
313 312
313 314
313 346
314 281
314 313
314 315
314 347
315 282
315 314
315 316
315 348
316 283
316 315
316 317
316 349
317 284
317 316
317 318
317 350
318 285
318 317
318 319
318 351
319 286
319 318
319 320
319 352
320 287
320 319
320 321
320 353
321 288
321 320
321 322
321 354
322 289
322 321
322 323
322 355
323 290
323 322
323 324
323 356
324 291
324 323
324 325
324 357
325 292
325 324
325 326
325 358
326 293
326 325
326 327
326 359
327 294
327 326
327 328
327 360
328 295
328 327
328 329
328 361
329 296
329 328
329 362
330 297
330 331
330 363
331 298
331 330
331 332
331 364
332 299
332 331
332 333
332 365
333 300
333 332
333 334
333 366
334 301
334 333
334 335
334 367
335 302
335 334
335 336
335 368
336 303
336 335
336 337
336 369
337 304
337 336
337 338
337 370
338 305
338 337
338 339
338 371
339 306
339 338
339 340
339 372
340 307
340 339
340 341
340 373
341 308
341 340
341 342
341 374
342 309
342 341
342 343
342 375
343 310
343 342
343 344
343 376
344 311
344 343
344 345
344 377
345 312
345 344
345 346
345 378
346 313
346 345
346 347
346 379
347 314
347 346
347 348
347 380
348 315
348 347
348 349
348 381
349 316
349 348
349 350
349 382
350 317
350 349
350 351
350 383
351 318
351 350
351 352
351 384
352 319
352 351
352 353
352 385
353 320
353 352
353 354
353 386
354 321
354 353
354 355
354 387
355 322
355 354
355 356
355 388
356 323
356 355
356 357
356 389
357 324
357 356
357 358
357 390
358 325
358 357
358 359
358 391
359 326
359 358
359 360
359 392
360 327
360 359
360 361
360 393
361 328
361 360
361 362
361 394
362 329
362 361
362 395
363 330
363 364
363 396
364 331
364 363
364 365
364 397
365 332
365 364
365 366
365 398
366 333
366 365
366 367
366 399
367 334
367 366
367 368
367 400
368 335
368 367
368 369
368 401
369 336
369 368
369 370
369 402
370 337
370 369
370 371
370 403
371 338
371 370
371 372
371 404
372 339
372 371
372 373
372 405
373 340
373 372
373 374
373 406
374 341
374 373
374 375
374 407
375 342
375 374
375 376
375 408
376 343
376 375
376 377
376 409
377 344
377 376
377 378
377 410
378 345
378 377
378 379
378 411
379 346
379 378
379 380
379 412
380 347
380 379
380 381
380 413
381 348
381 380
381 382
381 414
382 349
382 381
382 383
382 415
383 350
383 382
383 384
383 416
384 351
384 383
384 385
384 417
385 352
385 384
385 386
385 418
386 353
386 385
386 387
386 419
387 354
387 386
387 388
387 420
388 355
388 387
388 389
388 421
389 356
389 388
389 390
389 422
390 357
390 389
390 391
390 423
391 358
391 390
391 392
391 424
392 359
392 391
392 393
392 425
393 360
393 392
393 394
393 426
394 361
394 393
394 395
394 427
395 362
395 394
395 428
396 363
396 397
396 429
397 364
397 396
397 398
397 430
398 365
398 397
398 399
398 431
399 366
399 398
399 400
399 432
400 367
400 399
400 401
400 433
401 368
401 400
401 402
401 434
402 369
402 401
402 403
402 435
403 370
403 402
403 404
403 436
404 371
404 403
404 405
404 437
405 372
405 404
405 406
405 438
406 373
406 405
406 407
406 439
407 374
407 406
407 408
407 440
408 375
408 407
408 409
408 441
409 376
409 408
409 410
409 442
410 377
410 409
410 411
410 443
411 378
411 410
411 412
411 444
412 379
412 411
412 413
412 445
413 380
413 412
413 414
413 446
414 381
414 413
414 415
414 447
415 382
415 414
415 416
415 448
416 383
416 415
416 417
416 449
417 384
417 416
417 418
417 450
418 385
418 417
418 419
418 451
419 386
419 418
419 420
419 452
420 387
420 419
420 421
420 453
421 388
421 420
421 422
421 454
422 389
422 421
422 423
422 455
423 390
423 422
423 424
423 456
424 391
424 423
424 425
424 457
425 392
425 424
425 426
425 458
426 393
426 425
426 427
426 459
427 394
427 426
427 428
427 460
428 395
428 427
428 461
429 396
429 430
429 462
430 397
430 429
430 431
430 463
431 398
431 430
431 432
431 464
432 399
432 431
432 433
432 465
433 400
433 432
433 434
433 466
434 401
434 433
434 435
434 467
435 402
435 434
435 436
435 468
436 403
436 435
436 437
436 469
437 404
437 436
437 438
437 470
438 405
438 437
438 439
438 471
439 406
439 438
439 440
439 472
440 407
440 439
440 441
440 473
441 408
441 440
441 442
441 474
442 409
442 441
442 443
442 475
443 410
443 442
443 444
443 476
444 411
444 443
444 445
444 477
445 412
445 444
445 446
445 478
446 413
446 445
446 447
446 479
447 414
447 446
447 448
447 480
448 415
448 447
448 449
448 481
449 416
449 448
449 450
449 482
450 417
450 449
450 451
450 483
451 418
451 450
451 452
451 484
452 419
452 451
452 453
452 485
453 420
453 452
453 454
453 486
454 421
454 453
454 455
454 487
455 422
455 454
455 456
455 488
456 423
456 455
456 457
456 489
457 424
457 456
457 458
457 490
458 425
458 457
458 459
458 491
459 426
459 458
459 460
459 492
460 427
460 459
460 461
460 493
461 428
461 460
461 494
462 429
462 463
462 495
463 430
463 462
463 464
463 496
464 431
464 463
464 465
464 497
465 432
465 464
465 466
465 498
466 433
466 465
466 467
466 499
467 434
467 466
467 468
467 500
468 435
468 467
468 469
468 501
469 436
469 468
469 470
469 502
470 437
470 469
470 471
470 503
471 438
471 470
471 472
471 504
472 439
472 471
472 473
472 505
473 440
473 472
473 474
473 506
474 441
474 473
474 475
474 507
475 442
475 474
475 476
475 508
476 443
476 475
476 477
476 509
477 444
477 476
477 478
477 510
478 445
478 477
478 479
478 511
479 446
479 478
479 480
479 512
480 447
480 479
480 481
480 513
481 448
481 480
481 482
481 514
482 449
482 481
482 483
482 515
483 450
483 482
483 484
483 516
484 451
484 483
484 485
484 517
485 452
485 484
485 486
485 518
486 453
486 485
486 487
486 519
487 454
487 486
487 488
487 520
488 455
488 487
488 489
488 521
489 456
489 488
489 490
489 522
490 457
490 489
490 491
490 523
491 458
491 490
491 492
491 524
492 459
492 491
492 493
492 525
493 460
493 492
493 494
493 526
494 461
494 493
494 527
495 462
495 496
495 528
496 463
496 495
496 497
496 529
497 464
497 496
497 498
497 530
498 465
498 497
498 499
498 531
499 466
499 498
499 500
499 532
500 467
500 499
500 501
500 533
501 468
501 500
501 502
501 534
502 469
502 501
502 503
502 535
503 470
503 502
503 504
503 536
504 471
504 503
504 505
504 537
505 472
505 504
505 506
505 538
506 473
506 505
506 507
506 539
507 474
507 506
507 508
507 540
508 475
508 507
508 509
508 541
509 476
509 508
509 510
509 542
510 477
510 509
510 511
510 543
511 478
511 510
511 512
511 544
512 479
512 511
512 513
512 545
513 480
513 512
513 514
513 546
514 481
514 513
514 515
514 547
515 482
515 514
515 516
515 548
516 483
516 515
516 517
516 549
517 484
517 516
517 518
517 550
518 485
518 517
518 519
518 551
519 486
519 518
519 520
519 552
520 487
520 519
520 521
520 553
521 488
521 520
521 522
521 554
522 489
522 521
522 523
522 555
523 490
523 522
523 524
523 556
524 491
524 523
524 525
524 557
525 492
525 524
525 526
525 558
526 493
526 525
526 527
526 559
527 494
527 526
527 560
528 495
528 529
528 561
529 496
529 528
529 530
529 562
530 497
530 529
530 531
530 563
531 498
531 530
531 532
531 564
532 499
532 531
532 533
532 565
533 500
533 532
533 534
533 566
534 501
534 533
534 535
534 567
535 502
535 534
535 536
535 568
536 503
536 535
536 537
536 569
537 504
537 536
537 538
537 570
538 505
538 537
538 539
538 571
539 506
539 538
539 540
539 572
540 507
540 539
540 541
540 573
541 508
541 540
541 542
541 574
542 509
542 541
542 543
542 575
543 510
543 542
543 544
543 576
544 511
544 543
544 545
544 577
545 512
545 544
545 546
545 578
546 513
546 545
546 547
546 579
547 514
547 546
547 548
547 580
548 515
548 547
548 549
548 581
549 516
549 548
549 550
549 582
550 517
550 549
550 551
550 583
551 518
551 550
551 552
551 584
552 519
552 551
552 553
552 585
553 520
553 552
553 554
553 586
554 521
554 553
554 555
554 587
555 522
555 554
555 556
555 588
556 523
556 555
556 557
556 589
557 524
557 556
557 558
557 590
558 525
558 557
558 559
558 591
559 526
559 558
559 560
559 592
560 527
560 559
560 593
561 528
561 562
561 594
562 529
562 561
562 563
562 595
563 530
563 562
563 564
563 596
564 531
564 563
564 565
564 597
565 532
565 564
565 566
565 598
566 533
566 565
566 567
566 599
567 534
567 566
567 568
567 600
568 535
568 567
568 569
568 601
569 536
569 568
569 570
569 602
570 537
570 569
570 571
570 603
571 538
571 570
571 572
571 604
572 539
572 571
572 573
572 605
573 540
573 572
573 574
573 606
574 541
574 573
574 575
574 607
575 542
575 574
575 576
575 608
576 543
576 575
576 577
576 609
577 544
577 576
577 578
577 610
578 545
578 577
578 579
578 611
579 546
579 578
579 580
579 612
580 547
580 579
580 581
580 613
581 548
581 580
581 582
581 614
582 549
582 581
582 583
582 615
583 550
583 582
583 584
583 616
584 551
584 583
584 585
584 617
585 552
585 584
585 586
585 618
586 553
586 585
586 587
586 619
587 554
587 586
587 588
587 620
588 555
588 587
588 589
588 621
589 556
589 588
589 590
589 622
590 557
590 589
590 591
590 623
591 558
591 590
591 592
591 624
592 559
592 591
592 593
592 625
593 560
593 592
593 626
594 561
594 595
594 627
595 562
595 594
595 596
595 628
596 563
596 595
596 597
596 629
597 564
597 596
597 598
597 630
598 565
598 597
598 599
598 631
599 566
599 598
599 600
599 632
600 567
600 599
600 601
600 633
601 568
601 600
601 602
601 634
602 569
602 601
602 603
602 635
603 570
603 602
603 604
603 636
604 571
604 603
604 605
604 637
605 572
605 604
605 606
605 638
606 573
606 605
606 607
606 639
607 574
607 606
607 608
607 640
608 575
608 607
608 609
608 641
609 576
609 608
609 610
609 642
610 577
610 609
610 611
610 643
611 578
611 610
611 612
611 644
612 579
612 611
612 613
612 645
613 580
613 612
613 614
613 646
614 581
614 613
614 615
614 647
615 582
615 614
615 616
615 648
616 583
616 615
616 617
616 649
617 584
617 616
617 618
617 650
618 585
618 617
618 619
618 651
619 586
619 618
619 620
619 652
620 587
620 619
620 621
620 653
621 588
621 620
621 622
621 654
622 589
622 621
622 623
622 655
623 590
623 622
623 624
623 656
624 591
624 623
624 625
624 657
625 592
625 624
625 626
625 658
626 593
626 625
626 659
627 594
627 628
627 660
628 595
628 627
628 629
628 661
629 596
629 628
629 630
629 662
630 597
630 629
630 631
630 663
631 598
631 630
631 632
631 664
632 599
632 631
632 633
632 665
633 600
633 632
633 634
633 666
634 601
634 633
634 635
634 667
635 602
635 634
635 636
635 668
636 603
636 635
636 637
636 669
637 604
637 636
637 638
637 670
638 605
638 637
638 639
638 671
639 606
639 638
639 640
639 672
640 607
640 639
640 641
640 673
641 608
641 640
641 642
641 674
642 609
642 641
642 643
642 675
643 610
643 642
643 644
643 676
644 611
644 643
644 645
644 677
645 612
645 644
645 646
645 678
646 613
646 645
646 647
646 679
647 614
647 646
647 648
647 680
648 615
648 647
648 649
648 681
649 616
649 648
649 650
649 682
650 617
650 649
650 651
650 683
651 618
651 650
651 652
651 684
652 619
652 651
652 653
652 685
653 620
653 652
653 654
653 686
654 621
654 653
654 655
654 687
655 622
655 654
655 656
655 688
656 623
656 655
656 657
656 689
657 624
657 656
657 658
657 690
658 625
658 657
658 659
658 691
659 626
659 658
659 692
660 627
660 661
660 693
661 628
661 660
661 662
661 694
662 629
662 661
662 663
662 695
663 630
663 662
663 664
663 696
664 631
664 663
664 665
664 697
665 632
665 664
665 666
665 698
666 633
666 665
666 667
666 699
667 634
667 666
667 668
667 700
668 635
668 667
668 669
668 701
669 636
669 668
669 670
669 702
670 637
670 669
670 671
670 703
671 638
671 670
671 672
671 704
672 639
672 671
672 673
672 705
673 640
673 672
673 674
673 706
674 641
674 673
674 675
674 707
675 642
675 674
675 676
675 708
676 643
676 675
676 677
676 709
677 644
677 676
677 678
677 710
678 645
678 677
678 679
678 711
679 646
679 678
679 680
679 712
680 647
680 679
680 681
680 713
681 648
681 680
681 682
681 714
682 649
682 681
682 683
682 715
683 650
683 682
683 684
683 716
684 651
684 683
684 685
684 717
685 652
685 684
685 686
685 718
686 653
686 685
686 687
686 719
687 654
687 686
687 688
687 720
688 655
688 687
688 689
688 721
689 656
689 688
689 690
689 722
690 657
690 689
690 691
690 723
691 658
691 690
691 692
691 724
692 659
692 691
692 725
693 660
693 694
693 726
694 661
694 693
694 695
694 727
695 662
695 694
695 696
695 728
696 663
696 695
696 697
696 729
697 664
697 696
697 698
697 730
698 665
698 697
698 699
698 731
699 666
699 698
699 700
699 732
700 667
700 699
700 701
700 733
701 668
701 700
701 702
701 734
702 669
702 701
702 703
702 735
703 670
703 702
703 704
703 736
704 671
704 703
704 705
704 737
705 672
705 704
705 706
705 738
706 673
706 705
706 707
706 739
707 674
707 706
707 708
707 740
708 675
708 707
708 709
708 741
709 676
709 708
709 710
709 742
710 677
710 709
710 711
710 743
711 678
711 710
711 712
711 744
712 679
712 711
712 713
712 745
713 680
713 712
713 714
713 746
714 681
714 713
714 715
714 747
715 682
715 714
715 716
715 748
716 683
716 715
716 717
716 749
717 684
717 716
717 718
717 750
718 685
718 717
718 719
718 751
719 686
719 718
719 720
719 752
720 687
720 719
720 721
720 753
721 688
721 720
721 722
721 754
722 689
722 721
722 723
722 755
723 690
723 722
723 724
723 756
724 691
724 723
724 725
724 757
725 692
725 724
725 758
726 693
726 727
726 759
727 694
727 726
727 728
727 760
728 695
728 727
728 729
728 761
729 696
729 728
729 730
729 762
730 697
730 729
730 731
730 763
731 698
731 730
731 732
731 764
732 699
732 731
732 733
732 765
733 700
733 732
733 734
733 766
734 701
734 733
734 735
734 767
735 702
735 734
735 736
735 768
736 703
736 735
736 737
736 769
737 704
737 736
737 738
737 770
738 705
738 737
738 739
738 771
739 706
739 738
739 740
739 772
740 707
740 739
740 741
740 773
741 708
741 740
741 742
741 774
742 709
742 741
742 743
742 775
743 710
743 742
743 744
743 776
744 711
744 743
744 745
744 777
745 712
745 744
745 746
745 778
746 713
746 745
746 747
746 779
747 714
747 746
747 748
747 780
748 715
748 747
748 749
748 781
749 716
749 748
749 750
749 782
750 717
750 749
750 751
750 783
751 718
751 750
751 752
751 784
752 719
752 751
752 753
752 785
753 720
753 752
753 754
753 786
754 721
754 753
754 755
754 787
755 722
755 754
755 756
755 788
756 723
756 755
756 757
756 789
757 724
757 756
757 758
757 790
758 725
758 757
758 791
759 726
759 760
759 792
760 727
760 759
760 761
760 793
761 728
761 760
761 762
761 794
762 729
762 761
762 763
762 795
763 730
763 762
763 764
763 796
764 731
764 763
764 765
764 797
765 732
765 764
765 766
765 798
766 733
766 765
766 767
766 799
767 734
767 766
767 768
767 800
768 735
768 767
768 769
768 801
769 736
769 768
769 770
769 802
770 737
770 769
770 771
770 803
771 738
771 770
771 772
771 804
772 739
772 771
772 773
772 805
773 740
773 772
773 774
773 806
774 741
774 773
774 775
774 807
775 742
775 774
775 776
775 808
776 743
776 775
776 777
776 809
777 744
777 776
777 778
777 810
778 745
778 777
778 779
778 811
779 746
779 778
779 780
779 812
780 747
780 779
780 781
780 813
781 748
781 780
781 782
781 814
782 749
782 781
782 783
782 815
783 750
783 782
783 784
783 816
784 751
784 783
784 785
784 817
785 752
785 784
785 786
785 818
786 753
786 785
786 787
786 819
787 754
787 786
787 788
787 820
788 755
788 787
788 789
788 821
789 756
789 788
789 790
789 822
790 757
790 789
790 791
790 823
791 758
791 790
791 824
792 759
792 793
792 825
793 760
793 792
793 794
793 826
794 761
794 793
794 795
794 827
795 762
795 794
795 796
795 828
796 763
796 795
796 797
796 829
797 764
797 796
797 798
797 830
798 765
798 797
798 799
798 831
799 766
799 798
799 800
799 832
800 767
800 799
800 801
800 833
801 768
801 800
801 802
801 834
802 769
802 801
802 803
802 835
803 770
803 802
803 804
803 836
804 771
804 803
804 805
804 837
805 772
805 804
805 806
805 838
806 773
806 805
806 807
806 839
807 774
807 806
807 808
807 840
808 775
808 807
808 809
808 841
809 776
809 808
809 810
809 842
810 777
810 809
810 811
810 843
811 778
811 810
811 812
811 844
812 779
812 811
812 813
812 845
813 780
813 812
813 814
813 846
814 781
814 813
814 815
814 847
815 782
815 814
815 816
815 848
816 783
816 815
816 817
816 849
817 784
817 816
817 818
817 850
818 785
818 817
818 819
818 851
819 786
819 818
819 820
819 852
820 787
820 819
820 821
820 853
821 788
821 820
821 822
821 854
822 789
822 821
822 823
822 855
823 790
823 822
823 824
823 856
824 791
824 823
824 857
825 792
825 826
825 858
826 793
826 825
826 827
826 859
827 794
827 826
827 828
827 860
828 795
828 827
828 829
828 861
829 796
829 828
829 830
829 862
830 797
830 829
830 831
830 863
831 798
831 830
831 832
831 864
832 799
832 831
832 833
832 865
833 800
833 832
833 834
833 866
834 801
834 833
834 835
834 867
835 802
835 834
835 836
835 868
836 803
836 835
836 837
836 869
837 804
837 836
837 838
837 870
838 805
838 837
838 839
838 871
839 806
839 838
839 840
839 872
840 807
840 839
840 841
840 873
841 808
841 840
841 842
841 874
842 809
842 841
842 843
842 875
843 810
843 842
843 844
843 876
844 811
844 843
844 845
844 877
845 812
845 844
845 846
845 878
846 813
846 845
846 847
846 879
847 814
847 846
847 848
847 880
848 815
848 847
848 849
848 881
849 816
849 848
849 850
849 882
850 817
850 849
850 851
850 883
851 818
851 850
851 852
851 884
852 819
852 851
852 853
852 885
853 820
853 852
853 854
853 886
854 821
854 853
854 855
854 887
855 822
855 854
855 856
855 888
856 823
856 855
856 857
856 889
857 824
857 856
857 890
858 825
858 859
858 891
859 826
859 858
859 860
859 892
860 827
860 859
860 861
860 893
861 828
861 860
861 862
861 894
862 829
862 861
862 863
862 895
863 830
863 862
863 864
863 896
864 831
864 863
864 865
864 897
865 832
865 864
865 866
865 898
866 833
866 865
866 867
866 899
867 834
867 866
867 868
867 900
868 835
868 867
868 869
868 901
869 836
869 868
869 870
869 902
870 837
870 869
870 871
870 903
871 838
871 870
871 872
871 904
872 839
872 871
872 873
872 905
873 840
873 872
873 874
873 906
874 841
874 873
874 875
874 907
875 842
875 874
875 876
875 908
876 843
876 875
876 877
876 909
877 844
877 876
877 878
877 910
878 845
878 877
878 879
878 911
879 846
879 878
879 880
879 912
880 847
880 879
880 881
880 913
881 848
881 880
881 882
881 914
882 849
882 881
882 883
882 915
883 850
883 882
883 884
883 916
884 851
884 883
884 885
884 917
885 852
885 884
885 886
885 918
886 853
886 885
886 887
886 919
887 854
887 886
887 888
887 920
888 855
888 887
888 889
888 921
889 856
889 888
889 890
889 922
890 857
890 889
890 923
891 858
891 892
891 924
892 859
892 891
892 893
892 925
893 860
893 892
893 894
893 926
894 861
894 893
894 895
894 927
895 862
895 894
895 896
895 928
896 863
896 895
896 897
896 929
897 864
897 896
897 898
897 930
898 865
898 897
898 899
898 931
899 866
899 898
899 900
899 932
900 867
900 899
900 901
900 933
901 868
901 900
901 902
901 934
902 869
902 901
902 903
902 935
903 870
903 902
903 904
903 936
904 871
904 903
904 905
904 937
905 872
905 904
905 906
905 938
906 873
906 905
906 907
906 939
907 874
907 906
907 908
907 940
908 875
908 907
908 909
908 941
909 876
909 908
909 910
909 942
910 877
910 909
910 911
910 943
911 878
911 910
911 912
911 944
912 879
912 911
912 913
912 945
913 880
913 912
913 914
913 946
914 881
914 913
914 915
914 947
915 882
915 914
915 916
915 948
916 883
916 915
916 917
916 949
917 884
917 916
917 918
917 950
918 885
918 917
918 919
918 951
919 886
919 918
919 920
919 952
920 887
920 919
920 921
920 953
921 888
921 920
921 922
921 954
922 889
922 921
922 923
922 955
923 890
923 922
923 956
924 891
924 925
924 957
925 892
925 924
925 926
925 958
926 893
926 925
926 927
926 959
927 894
927 926
927 928
927 960
928 895
928 927
928 929
928 961
929 896
929 928
929 930
929 962
930 897
930 929
930 931
930 963
931 898
931 930
931 932
931 964
932 899
932 931
932 933
932 965
933 900
933 932
933 934
933 966
934 901
934 933
934 935
934 967
935 902
935 934
935 936
935 968
936 903
936 935
936 937
936 969
937 904
937 936
937 938
937 970
938 905
938 937
938 939
938 971
939 906
939 938
939 940
939 972
940 907
940 939
940 941
940 973
941 908
941 940
941 942
941 974
942 909
942 941
942 943
942 975
943 910
943 942
943 944
943 976
944 911
944 943
944 945
944 977
945 912
945 944
945 946
945 978
946 913
946 945
946 947
946 979
947 914
947 946
947 948
947 980
948 915
948 947
948 949
948 981
949 916
949 948
949 950
949 982
950 917
950 949
950 951
950 983
951 918
951 950
951 952
951 984
952 919
952 951
952 953
952 985
953 920
953 952
953 954
953 986
954 921
954 953
954 955
954 987
955 922
955 954
955 956
955 988
956 923
956 955
956 989
957 924
957 958
957 990
958 925
958 957
958 959
958 991
959 926
959 958
959 960
959 992
960 927
960 959
960 961
960 993
961 928
961 960
961 962
961 994
962 929
962 961
962 963
962 995
963 930
963 962
963 964
963 996
964 931
964 963
964 965
964 997
965 932
965 964
965 966
965 998
966 933
966 965
966 967
966 999
967 934
967 966
967 968
967 1000
968 935
968 967
968 969
968 1001
969 936
969 968
969 970
969 1002
970 937
970 969
970 971
970 1003
971 938
971 970
971 972
971 1004
972 939
972 971
972 973
972 1005
973 940
973 972
973 974
973 1006
974 941
974 973
974 975
974 1007
975 942
975 974
975 976
975 1008
976 943
976 975
976 977
976 1009
977 944
977 976
977 978
977 1010
978 945
978 977
978 979
978 1011
979 946
979 978
979 980
979 1012
980 947
980 979
980 981
980 1013
981 948
981 980
981 982
981 1014
982 949
982 981
982 983
982 1015
983 950
983 982
983 984
983 1016
984 951
984 983
984 985
984 1017
985 952
985 984
985 986
985 1018
986 953
986 985
986 987
986 1019
987 954
987 986
987 988
987 1020
988 955
988 987
988 989
988 1021
989 956
989 988
989 1022
990 957
990 991
990 1023
991 958
991 990
991 992
991 1024
992 959
992 991
992 993
992 1025
993 960
993 992
993 994
993 1026
994 961
994 993
994 995
994 1027
995 962
995 994
995 996
995 1028
996 963
996 995
996 997
996 1029
997 964
997 996
997 998
997 1030
998 965
998 997
998 999
998 1031
999 966
999 998
999 1000
999 1032
1000 967
1000 999
1000 1001
1000 1033
1001 968
1001 1000
1001 1002
1001 1034
1002 969
1002 1001
1002 1003
1002 1035
1003 970
1003 1002
1003 1004
1003 1036
1004 971
1004 1003
1004 1005
1004 1037
1005 972
1005 1004
1005 1006
1005 1038
1006 973
1006 1005
1006 1007
1006 1039
1007 974
1007 1006
1007 1008
1007 1040
1008 975
1008 1007
1008 1009
1008 1041
1009 976
1009 1008
1009 1010
1009 1042
1010 977
1010 1009
1010 1011
1010 1043
1011 978
1011 1010
1011 1012
1011 1044
1012 979
1012 1011
1012 1013
1012 1045
1013 980
1013 1012
1013 1014
1013 1046
1014 981
1014 1013
1014 1015
1014 1047
1015 982
1015 1014
1015 1016
1015 1048
1016 983
1016 1015
1016 1017
1016 1049
1017 984
1017 1016
1017 1018
1017 1050
1018 985
1018 1017
1018 1019
1018 1051
1019 986
1019 1018
1019 1020
1019 1052
1020 987
1020 1019
1020 1021
1020 1053
1021 988
1021 1020
1021 1022
1021 1054
1022 989
1022 1021
1022 1055
1023 990
1023 1024
1023 1056
1024 991
1024 1023
1024 1025
1024 1057
1025 992
1025 1024
1025 1026
1025 1058
1026 993
1026 1025
1026 1027
1026 1059
1027 994
1027 1026
1027 1028
1027 1060
1028 995
1028 1027
1028 1029
1028 1061
1029 996
1029 1028
1029 1030
1029 1062
1030 997
1030 1029
1030 1031
1030 1063
1031 998
1031 1030
1031 1032
1031 1064
1032 999
1032 1031
1032 1033
1032 1065
1033 1000
1033 1032
1033 1034
1033 1066
1034 1001
1034 1033
1034 1035
1034 1067
1035 1002
1035 1034
1035 1036
1035 1068
1036 1003
1036 1035
1036 1037
1036 1069
1037 1004
1037 1036
1037 1038
1037 1070
1038 1005
1038 1037
1038 1039
1038 1071
1039 1006
1039 1038
1039 1040
1039 1072
1040 1007
1040 1039
1040 1041
1040 1073
1041 1008
1041 1040
1041 1042
1041 1074
1042 1009
1042 1041
1042 1043
1042 1075
1043 1010
1043 1042
1043 1044
1043 1076
1044 1011
1044 1043
1044 1045
1044 1077
1045 1012
1045 1044
1045 1046
1045 1078
1046 1013
1046 1045
1046 1047
1046 1079
1047 1014
1047 1046
1047 1048
1047 1080
1048 1015
1048 1047
1048 1049
1048 1081
1049 1016
1049 1048
1049 1050
1049 1082
1050 1017
1050 1049
1050 1051
1050 1083
1051 1018
1051 1050
1051 1052
1051 1084
1052 1019
1052 1051
1052 1053
1052 1085
1053 1020
1053 1052
1053 1054
1053 1086
1054 1021
1054 1053
1054 1055
1054 1087
1055 1022
1055 1054
1055 1088
1056 1023
1056 1057
1057 1024
1057 1056
1057 1058
1058 1025
1058 1057
1058 1059
1059 1026
1059 1058
1059 1060
1060 1027
1060 1059
1060 1061
1061 1028
1061 1060
1061 1062
1062 1029
1062 1061
1062 1063
1063 1030
1063 1062
1063 1064
1064 1031
1064 1063
1064 1065
1065 1032
1065 1064
1065 1066
1066 1033
1066 1065
1066 1067
1067 1034
1067 1066
1067 1068
1068 1035
1068 1067
1068 1069
1069 1036
1069 1068
1069 1070
1070 1037
1070 1069
1070 1071
1071 1038
1071 1070
1071 1072
1072 1039
1072 1071
1072 1073
1073 1040
1073 1072
1073 1074
1074 1041
1074 1073
1074 1075
1075 1042
1075 1074
1075 1076
1076 1043
1076 1075
1076 1077
1077 1044
1077 1076
1077 1078
1078 1045
1078 1077
1078 1079
1079 1046
1079 1078
1079 1080
1080 1047
1080 1079
1080 1081
1081 1048
1081 1080
1081 1082
1082 1049
1082 1081
1082 1083
1083 1050
1083 1082
1083 1084
1084 1051
1084 1083
1084 1085
1085 1052
1085 1084
1085 1086
1086 1053
1086 1085
1086 1087
1087 1054
1087 1086
1087 1088
1088 1055
1088 1087
