0 3
0 17
0 26
0 31
0 90
0 102
0 150
0 190
0 202
0 222
0 273
0 323
0 335
0 341
0 367
0 378
0 382
0 384
0 400
0 456
0 458
1 56
1 61
1 86
1 134
1 143
1 153
1 179
1 180
1 182
1 207
1 208
1 270
1 277
1 305
1 308
1 364
1 388
1 389
1 405
1 471
1 491
2 39
2 110
2 127
2 214
2 217
2 219
2 383
2 420
2 473
3 17
3 26
3 31
3 40
3 102
3 150
3 188
3 190
3 222
3 273
3 335
3 341
3 363
3 367
3 378
3 382
3 384
3 400
3 458
4 13
4 30
4 39
4 53
4 140
4 189
4 256
4 259
4 299
4 322
4 325
4 391
4 395
4 415
4 446
4 461
4 479
5 25
5 35
5 54
5 76
5 77
5 112
5 122
5 123
5 125
5 143
5 144
5 159
5 195
5 229
5 281
5 320
5 328
5 376
5 403
5 443
5 459
5 466
5 475
5 499
6 58
6 74
6 79
6 93
6 96
6 107
6 108
6 138
6 141
6 215
6 216
6 226
6 238
6 241
6 242
6 249
6 250
6 251
6 255
6 270
6 278
6 287
6 305
6 324
6 347
6 356
6 364
6 365
6 389
6 436
6 438
6 440
6 484
6 491
7 24
7 47
7 57
7 87
7 204
7 224
7 258
7 289
7 318
7 332
7 380
7 452
7 454
7 462
7 490
8 70
8 78
8 129
8 130
8 158
8 163
8 164
8 174
8 175
8 193
8 245
8 263
8 264
8 361
8 392
8 394
8 410
8 430
8 457
8 483
9 28
9 32
9 37
9 71
9 85
9 91
9 98
9 121
9 137
9 149
9 162
9 167
9 185
9 191
9 196
9 210
9 227
9 232
9 261
9 265
9 290
9 297
9 301
9 312
9 336
9 344
9 354
9 358
9 393
9 428
9 468
9 478
10 34
10 46
10 55
10 66
10 80
10 160
10 168
10 170
10 200
10 201
10 209
10 234
10 244
10 247
10 279
10 285
10 319
10 339
10 357
10 370
10 386
10 455
10 470
11 25
11 33
11 43
11 84
11 94
11 123
11 129
11 136
11 159
11 163
11 164
11 175
11 235
11 282
11 284
11 333
11 337
11 376
11 402
11 457
11 460
11 475
11 490
12 14
12 21
12 34
12 36
12 46
12 65
12 67
12 80
12 83
12 157
12 170
12 192
12 194
12 209
12 244
12 247
12 279
12 285
12 303
12 319
12 331
12 342
12 343
12 346
12 379
12 386
12 411
12 472
12 494
13 30
13 53
13 62
13 120
13 133
13 187
13 189
13 199
13 218
13 246
13 259
13 266
13 299
13 322
13 352
13 374
13 391
13 395
13 446
13 479
13 497
14 21
14 34
14 36
14 46
14 65
14 67
14 80
14 83
14 118
14 157
14 161
14 170
14 192
14 194
14 209
14 244
14 247
14 276
14 279
14 285
14 303
14 319
14 331
14 342
14 343
14 379
14 386
14 411
14 421
14 472
14 494
15 16
15 18
15 38
15 42
15 59
15 92
15 101
15 124
15 156
15 184
15 269
15 283
15 321
15 340
15 397
15 406
15 417
15 442
15 447
15 454
15 465
15 485
16 38
16 47
16 92
16 101
16 258
16 269
16 442
16 454
16 485
17 26
17 31
17 45
17 90
17 103
17 202
17 222
17 273
17 311
17 323
17 335
17 341
17 360
17 382
17 464
18 38
18 42
18 76
18 97
18 101
18 112
18 124
18 131
18 156
18 233
18 269
18 283
18 321
18 340
18 349
18 371
18 397
18 406
18 417
18 431
18 433
18 442
18 447
18 465
18 466
18 485
18 493
18 496
18 499
19 73
19 79
19 93
19 108
19 114
19 141
19 152
19 181
19 212
19 230
19 242
19 268
19 287
19 345
19 351
19 418
19 423
19 434
19 437
19 438
19 445
19 451
19 453
19 484
19 489
20 56
20 60
20 86
20 107
20 111
20 176
20 180
20 182
20 198
20 207
20 216
20 238
20 241
20 250
20 275
20 280
20 291
20 294
20 295
20 302
20 304
20 305
20 364
20 388
20 389
20 390
20 399
20 414
20 419
20 436
20 450
20 491
21 36
21 46
21 65
21 74
21 80
21 83
21 109
21 157
21 161
21 166
21 170
21 192
21 209
21 240
21 244
21 276
21 279
21 285
21 303
21 331
21 366
21 379
21 386
21 411
21 421
21 472
21 494
22 69
22 133
22 145
22 154
22 169
22 183
22 231
22 237
22 243
22 246
22 274
22 293
22 315
22 352
22 395
23 29
23 55
23 63
23 66
23 116
23 128
23 139
23 168
23 171
23 201
23 272
23 292
23 339
23 359
23 362
23 387
23 427
23 439
23 444
23 455
23 480
23 481
24 47
24 57
24 87
24 204
24 224
24 258
24 289
24 318
24 332
24 380
24 452
24 454
24 462
24 490
25 35
25 38
25 77
25 112
25 123
25 124
25 159
25 195
25 224
25 283
25 321
25 333
25 376
25 417
25 426
25 433
25 442
25 460
25 466
25 475
25 490
26 31
26 40
26 90
26 102
26 190
26 222
26 273
26 323
26 335
26 341
26 367
26 378
26 382
26 384
26 400
26 435
27 50
27 51
27 99
27 196
27 197
27 228
27 317
27 362
27 368
27 427
27 441
27 486
28 37
28 41
28 71
28 81
28 121
28 137
28 146
28 149
28 162
28 185
28 210
28 227
28 232
28 261
28 290
28 297
28 301
28 312
28 314
28 336
28 354
28 358
28 377
28 393
28 448
28 478
29 55
29 63
29 66
29 116
29 139
29 171
29 272
29 292
29 306
29 362
29 427
29 439
29 455
29 481
30 39
30 53
30 127
30 140
30 145
30 189
30 214
30 217
30 219
30 246
30 259
30 315
30 383
30 391
30 395
30 415
30 420
30 446
30 461
30 473
30 479
31 90
31 222
31 273
31 323
31 335
31 341
31 360
31 378
31 382
31 435
32 37
32 71
32 85
32 91
32 98
32 113
32 121
32 128
32 135
32 137
32 167
32 185
32 191
32 234
32 257
32 265
32 296
32 297
32 300
32 310
32 312
32 329
32 336
32 344
32 358
32 359
32 387
32 396
32 428
32 444
32 468
32 480
32 498
33 43
33 57
33 72
33 87
33 94
33 136
33 159
33 224
33 235
33 252
33 282
33 289
33 318
33 332
33 333
33 355
33 380
33 402
33 413
33 426
33 452
33 457
33 460
33 490
34 36
34 46
34 67
34 160
34 177
34 194
34 200
34 244
34 247
34 254
34 279
34 303
34 319
34 327
34 342
34 346
34 357
34 386
34 494
35 54
35 77
35 105
35 112
35 122
35 123
35 125
35 143
35 144
35 159
35 195
35 229
35 281
35 284
35 328
35 337
35 376
35 403
35 429
35 443
35 459
35 460
35 466
35 475
35 499
36 46
36 65
36 67
36 83
36 118
36 157
36 161
36 192
36 194
36 244
36 247
36 276
36 279
36 285
36 303
36 319
36 331
36 342
36 343
36 379
36 386
36 411
36 472
36 494
37 71
37 85
37 113
37 121
37 135
37 137
37 149
37 185
37 191
37 205
37 210
37 227
37 261
37 262
37 296
37 297
37 300
37 310
37 312
37 314
37 329
37 336
37 350
37 358
37 377
37 393
37 401
37 428
37 468
37 478
37 492
37 498
38 47
38 101
38 124
38 224
38 258
38 283
38 289
38 318
38 321
38 340
38 417
38 426
38 433
38 442
38 452
38 454
38 485
39 127
39 140
39 145
39 155
39 189
39 217
39 219
39 256
39 259
39 286
39 383
39 391
39 395
39 415
39 420
39 446
39 461
39 473
39 479
40 126
40 150
40 172
40 190
40 222
40 273
40 363
40 367
40 378
40 382
40 384
40 400
40 435
40 458
41 48
41 71
41 81
41 146
41 158
41 173
41 191
41 205
41 210
41 227
41 261
41 262
41 271
41 301
41 314
41 338
41 350
41 354
41 377
41 392
41 393
41 394
41 401
41 448
41 478
41 492
42 59
42 97
42 117
42 131
42 156
42 186
42 233
42 267
42 269
42 321
42 340
42 349
42 371
42 397
42 406
42 417
42 431
42 447
42 463
42 465
42 476
42 493
42 496
42 499
43 87
43 94
43 119
43 129
43 136
43 159
43 163
43 164
43 235
43 252
43 282
43 332
43 333
43 337
43 355
43 361
43 380
43 402
43 410
43 413
43 430
43 457
43 460
43 483
43 490
44 54
44 64
44 105
44 144
44 151
44 165
44 173
44 179
44 191
44 206
44 211
44 262
44 277
44 281
44 296
44 308
44 313
44 334
44 338
44 350
44 405
44 409
44 412
44 429
44 467
44 492
44 495
45 90
45 95
45 103
45 177
45 202
45 309
45 311
45 323
45 327
45 335
45 360
45 422
45 464
46 65
46 80
46 109
46 157
46 170
46 192
46 194
46 209
46 244
46 247
46 276
46 279
46 285
46 303
46 331
46 342
46 366
46 379
46 386
46 421
46 472
46 494
47 87
47 101
47 124
47 224
47 258
47 289
47 318
47 426
47 433
47 442
47 452
47 454
47 462
47 490
48 64
48 70
48 78
48 84
48 146
48 158
48 163
48 164
48 173
48 174
48 175
48 205
48 206
48 210
48 211
48 227
48 245
48 261
48 262
48 263
48 264
48 271
48 314
48 334
48 338
48 350
48 377
48 392
48 394
48 401
48 409
48 412
48 467
48 492
49 89
49 104
49 142
49 220
49 248
49 307
49 385
49 407
49 408
49 416
49 449
49 469
50 51
50 98
50 99
50 128
50 167
50 196
50 197
50 228
50 265
50 317
50 344
50 362
50 368
50 387
50 398
50 441
50 486
51 98
51 99
51 128
51 196
51 197
51 228
51 317
51 362
51 368
51 387
51 398
51 441
51 486
52 62
52 68
52 89
52 120
52 186
52 187
52 199
52 203
52 213
52 218
52 221
52 253
52 307
52 322
52 330
52 372
52 374
52 375
52 404
52 425
52 476
52 487
52 488
52 497
53 62
53 120
53 133
53 145
53 187
53 199
53 218
53 231
53 246
53 266
53 322
53 352
53 374
53 391
53 395
53 446
53 479
53 497
54 61
54 64
54 77
54 105
54 125
54 134
54 144
54 165
54 179
54 206
54 211
54 277
54 281
54 284
54 308
54 313
54 328
54 334
54 338
54 403
54 405
54 409
54 412
54 429
54 459
54 467
54 495
55 63
55 66
55 116
55 139
55 160
55 168
55 171
55 200
55 201
55 234
55 272
55 306
55 339
55 357
55 370
55 444
55 455
55 470
55 480
55 481
56 58
56 61
56 134
56 153
56 166
56 180
56 207
56 208
56 216
56 240
56 251
56 255
56 270
56 305
56 364
56 388
56 389
56 436
56 491
57 72
57 87
57 94
57 100
57 119
57 204
57 224
57 252
57 289
57 318
57 332
57 333
57 348
57 353
57 355
57 380
57 381
57 402
57 413
57 452
57 462
57 490
58 74
58 107
58 138
58 208
58 215
58 216
58 226
58 240
58 249
58 250
58 251
58 255
58 270
58 276
58 278
58 305
58 324
58 347
58 356
58 364
58 365
58 366
58 389
58 436
58 440
58 491
59 92
59 117
59 184
59 267
59 269
59 340
59 371
59 397
59 425
59 431
59 447
59 463
59 465
59 476
59 496
60 68
60 76
60 86
60 111
60 143
60 176
60 180
60 182
60 198
60 207
60 229
60 233
60 253
60 275
60 280
60 288
60 298
60 302
60 316
60 320
60 349
60 388
60 419
60 450
60 488
61 125
61 134
61 143
61 144
61 151
61 153
61 179
61 180
61 277
61 308
61 313
61 403
61 405
61 429
61 471
62 68
62 111
62 120
62 187
62 199
62 203
62 213
62 218
62 221
62 253
62 266
62 280
62 288
62 298
62 299
62 316
62 322
62 330
62 372
62 374
62 391
62 404
62 488
62 497
63 66
63 116
63 139
63 171
63 272
63 292
63 306
63 362
63 427
63 439
63 455
63 481
64 70
64 84
64 105
64 163
64 164
64 165
64 173
64 175
64 206
64 211
64 264
64 271
64 281
64 284
64 334
64 337
64 338
64 350
64 409
64 412
64 429
64 459
64 467
64 495
65 74
65 83
65 118
65 157
65 161
65 192
65 244
65 276
65 279
65 285
65 303
65 331
65 342
65 343
65 366
65 379
65 411
65 421
65 472
65 474
65 494
66 88
66 116
66 139
66 160
66 168
66 171
66 200
66 201
66 272
66 292
66 306
66 339
66 357
66 370
66 455
66 470
66 481
67 157
67 160
67 177
67 194
67 247
67 254
67 279
67 303
67 319
67 327
67 331
67 342
67 346
67 494
68 111
68 176
68 186
68 198
68 203
68 213
68 253
68 275
68 280
68 288
68 298
68 302
68 316
68 330
68 375
68 399
68 404
68 419
68 450
68 488
69 154
69 169
69 183
69 237
69 243
69 260
69 274
69 293
69 482
70 78
70 84
70 129
70 130
70 136
70 158
70 163
70 164
70 174
70 175
70 193
70 235
70 245
70 263
70 264
70 282
70 284
70 334
70 361
70 392
70 394
70 409
70 410
70 430
70 457
70 483
71 81
71 121
71 137
71 149
71 162
71 167
71 185
71 191
71 205
71 210
71 227
71 232
71 261
71 262
71 290
71 296
71 297
71 301
71 312
71 314
71 336
71 354
71 358
71 377
71 393
71 401
71 428
71 468
71 478
71 492
71 498
72 87
72 119
72 204
72 252
72 332
72 348
72 353
72 355
72 380
72 381
72 413
73 79
73 93
73 96
73 106
73 107
73 114
73 141
73 189
73 238
73 241
73 256
73 259
73 286
73 287
73 325
73 345
73 347
73 390
73 414
73 415
73 418
73 423
73 432
73 438
73 446
73 451
73 453
73 461
73 489
74 83
74 108
74 138
74 152
74 161
74 192
74 212
74 215
74 226
74 230
74 242
74 249
74 255
74 276
74 278
74 324
74 326
74 347
74 365
74 366
74 411
74 440
74 474
74 484
75 82
75 115
75 172
75 178
75 188
75 268
75 345
75 351
75 373
75 434
75 437
75 445
76 77
76 97
76 112
76 122
76 131
76 143
76 156
76 182
76 195
76 229
76 233
76 283
76 320
76 349
76 403
76 406
76 417
76 419
76 443
76 465
76 466
76 493
76 496
76 499
77 112
77 122
77 123
77 125
77 143
77 144
77 159
77 195
77 229
77 281
77 328
77 337
77 376
77 403
77 443
77 459
77 460
77 466
77 475
77 499
78 129
78 130
78 136
78 158
78 163
78 164
78 174
78 175
78 193
78 245
78 263
78 264
78 361
78 392
78 394
78 410
78 430
78 457
78 483
79 93
79 96
79 106
79 107
79 108
79 114
79 138
79 141
79 212
79 215
79 238
79 241
79 242
79 250
79 255
79 256
79 278
79 287
79 324
79 325
79 345
79 347
79 356
79 365
79 390
79 414
79 418
79 423
79 436
79 438
79 440
79 451
79 453
79 484
79 489
80 109
80 132
80 166
80 168
80 170
80 209
80 223
80 234
80 236
80 244
80 247
80 257
80 279
80 285
80 370
80 379
80 386
80 396
80 421
80 470
80 472
81 146
81 149
81 162
81 232
81 261
81 290
81 301
81 314
81 354
81 377
81 393
81 394
81 448
81 478
82 110
82 155
82 178
82 286
82 415
82 420
82 432
82 434
82 437
82 461
83 118
83 157
83 161
83 192
83 226
83 249
83 276
83 303
83 326
83 331
83 342
83 343
83 365
83 366
83 379
83 411
83 472
83 474
83 494
84 105
84 129
84 136
84 159
84 163
84 164
84 175
84 235
84 264
84 281
84 284
84 334
84 337
84 338
84 361
84 409
84 410
84 412
84 457
84 459
84 460
84 467
84 475
84 495
85 91
85 98
85 121
85 128
85 135
85 137
85 167
85 185
85 196
85 197
85 201
85 265
85 297
85 310
85 312
85 336
85 344
85 358
85 359
85 387
85 396
85 398
85 428
85 444
85 468
85 480
86 111
86 122
86 143
86 176
86 180
86 182
86 198
86 207
86 229
86 275
86 295
86 302
86 320
86 388
86 403
86 419
86 450
86 471
87 94
87 204
87 224
87 252
87 289
87 318
87 332
87 333
87 355
87 380
87 402
87 413
87 426
87 433
87 442
87 452
87 462
87 490
88 160
88 171
88 200
88 306
88 357
88 481
89 104
89 120
89 142
89 187
89 199
89 203
89 218
89 220
89 221
89 231
89 248
89 266
89 307
89 330
89 372
89 374
89 404
89 407
89 408
89 449
89 469
89 487
89 497
90 95
90 103
90 202
90 222
90 309
90 311
90 323
90 335
90 341
90 360
90 422
90 464
91 98
91 113
91 128
91 135
91 137
91 167
91 185
91 196
91 197
91 201
91 234
91 265
91 297
91 310
91 312
91 336
91 344
91 358
91 359
91 387
91 396
91 398
91 428
91 444
91 468
91 480
92 101
92 184
92 269
92 340
92 406
92 447
92 485
93 96
93 106
93 107
93 108
93 114
93 138
93 141
93 152
93 212
93 215
93 238
93 241
93 242
93 250
93 255
93 278
93 287
93 324
93 325
93 345
93 347
93 356
93 365
93 390
93 418
93 423
93 438
93 445
93 451
93 453
93 484
93 489
94 123
94 136
94 159
94 224
94 235
94 252
94 282
94 289
94 318
94 332
94 333
94 355
94 380
94 402
94 413
94 426
94 457
94 460
94 490
95 103
95 177
95 202
95 309
95 311
95 323
95 327
95 360
95 422
95 464
96 106
96 107
96 138
96 141
96 215
96 216
96 238
96 241
96 250
96 255
96 256
96 278
96 287
96 291
96 294
96 295
96 299
96 304
96 325
96 347
96 356
96 390
96 399
96 414
96 418
96 423
96 436
96 438
96 451
96 489
97 131
97 156
97 186
97 233
97 267
97 320
97 340
97 349
97 371
97 375
97 397
97 406
97 417
97 425
97 431
97 447
97 465
97 476
97 493
97 496
97 499
98 99
98 128
98 137
98 149
98 167
98 185
98 196
98 197
98 232
98 265
98 312
98 317
98 344
98 358
98 359
98 362
98 368
98 387
98 398
98 444
98 468
98 480
99 128
99 137
99 167
99 196
99 197
99 232
99 265
99 317
99 344
99 359
99 368
99 387
99 398
100 204
100 348
100 353
101 124
101 269
101 283
101 321
101 340
101 406
101 417
101 442
101 447
101 454
101 485
102 115
102 150
102 172
102 181
102 188
102 190
102 222
102 225
102 268
102 351
102 363
102 367
102 373
102 382
102 384
102 400
102 424
102 456
102 458
103 177
103 202
103 309
103 311
103 323
103 327
103 335
103 341
103 360
103 422
103 464
104 142
104 147
104 220
104 248
104 260
104 369
104 385
104 407
104 408
104 416
104 449
104 469
105 125
105 144
105 165
105 173
105 206
105 211
105 277
105 281
105 284
105 308
105 313
105 328
105 334
105 337
105 338
105 350
105 405
105 409
105 412
105 429
105 459
105 467
105 495
106 107
106 114
106 141
106 189
106 238
106 241
106 250
106 256
106 259
106 278
106 287
106 291
106 294
106 299
106 304
106 325
106 347
106 390
106 414
106 418
106 423
106 438
106 446
106 451
106 489
107 138
107 141
107 207
107 215
107 216
107 238
107 241
107 250
107 251
107 255
107 270
107 278
107 291
107 294
107 295
107 304
107 305
107 347
107 356
107 364
107 388
107 389
107 390
107 399
107 414
107 436
107 440
107 491
108 114
108 138
108 141
108 152
108 181
108 212
108 215
108 225
108 226
108 230
108 242
108 249
108 268
108 278
108 287
108 324
108 326
108 345
108 347
108 351
108 365
108 418
108 423
108 424
108 438
108 440
108 445
108 451
108 453
108 484
108 489
109 132
109 166
109 170
109 209
109 223
109 236
109 239
109 240
109 244
109 276
109 285
109 366
109 379
109 421
109 472
109 477
110 140
110 155
110 286
110 415
110 420
110 432
110 434
110 437
110 461
111 176
111 198
111 213
111 253
111 275
111 280
111 288
111 291
111 294
111 295
111 298
111 299
111 302
111 304
111 316
111 388
111 399
111 414
111 419
111 450
111 488
112 122
112 123
112 131
112 156
112 195
112 229
112 233
112 283
112 320
112 321
112 328
112 349
112 376
112 403
112 417
112 443
112 466
112 493
112 499
113 121
113 135
113 191
113 234
113 236
113 257
113 296
113 300
113 310
113 312
113 329
113 358
113 396
113 428
113 468
113 498
114 141
114 152
114 212
114 242
114 268
114 287
114 345
114 351
114 418
114 423
114 432
114 437
114 438
114 445
114 451
114 453
114 489
115 150
115 172
115 181
115 188
115 190
115 268
115 351
115 363
115 373
115 424
115 434
115 437
115 445
115 458
116 128
116 139
116 171
116 197
116 201
116 272
116 292
116 339
116 359
116 362
116 368
116 387
116 398
116 427
116 439
116 444
116 455
116 480
116 481
117 184
117 186
117 221
117 267
117 307
117 371
117 375
117 397
117 425
117 431
117 447
117 463
117 476
117 487
118 157
118 161
118 192
118 202
118 303
118 311
118 326
118 331
118 342
118 343
118 411
118 422
118 456
118 474
118 494
119 252
119 332
119 348
119 353
119 355
119 380
119 381
119 413
120 133
120 187
120 199
120 203
120 218
120 221
120 231
120 246
120 266
120 293
120 322
120 330
120 352
120 372
120 374
120 395
120 404
120 407
120 469
120 487
120 497
121 135
121 137
121 149
121 162
121 167
121 185
121 191
121 205
121 210
121 227
121 261
121 262
121 296
121 297
121 300
121 301
121 310
121 312
121 314
121 329
121 336
121 358
121 377
121 393
121 401
121 428
121 468
121 478
121 492
121 498
122 125
122 143
122 144
122 182
122 195
122 229
122 233
122 320
122 328
122 349
122 376
122 403
122 419
122 443
122 459
122 471
122 499
123 159
123 195
123 235
123 283
123 284
123 333
123 337
123 376
123 402
123 426
123 433
123 460
123 466
123 475
123 490
124 131
124 156
124 224
124 283
124 321
124 340
124 406
124 417
124 426
124 433
124 442
124 452
124 454
124 466
124 493
125 134
125 143
125 144
125 179
125 182
125 195
125 229
125 277
125 281
125 308
125 313
125 328
125 403
125 405
125 429
125 443
125 459
125 471
126 273
126 367
126 378
126 384
126 435
127 140
127 145
127 214
127 217
127 219
127 315
127 383
127 420
127 473
127 479
128 137
128 167
128 196
128 197
128 201
128 265
128 292
128 312
128 317
128 339
128 344
128 358
128 359
128 362
128 368
128 387
128 398
128 444
128 455
128 468
128 480
129 130
129 136
129 158
129 163
129 164
129 174
129 175
129 193
129 235
129 245
129 263
129 264
129 282
129 284
129 337
129 361
129 392
129 410
129 430
129 457
129 483
130 136
130 158
130 163
130 164
130 174
130 175
130 193
130 245
130 263
130 264
130 361
130 392
130 394
130 410
130 430
130 457
130 483
131 156
131 233
131 283
131 320
131 321
131 340
131 349
131 371
131 397
131 406
131 417
131 431
131 443
131 447
131 465
131 466
131 493
131 496
131 499
132 151
132 153
132 166
132 170
132 208
132 209
132 223
132 236
132 239
132 240
132 257
132 366
132 379
132 421
132 477
133 145
133 154
133 169
133 187
133 199
133 231
133 237
133 246
133 266
133 274
133 293
133 322
133 352
133 395
133 469
133 479
133 497
134 143
134 144
134 151
134 153
134 165
134 179
134 180
134 277
134 281
134 308
134 313
134 328
134 403
134 405
134 429
134 471
135 191
135 234
135 236
135 257
135 296
135 297
135 300
135 310
135 312
135 329
135 336
135 358
135 396
135 428
135 468
135 498
136 159
136 163
136 164
136 175
136 193
136 235
136 263
136 264
136 282
136 284
136 337
136 355
136 361
136 402
136 410
136 430
136 457
136 460
136 475
136 483
137 149
137 162
137 167
137 185
137 196
137 197
137 232
137 265
137 297
137 301
137 310
137 312
137 336
137 344
137 358
137 359
137 387
137 393
137 398
137 428
137 444
137 468
137 478
137 480
138 141
138 152
138 212
138 215
138 216
138 226
138 230
138 241
138 242
138 249
138 250
138 251
138 255
138 278
138 287
138 324
138 326
138 347
138 356
138 365
138 418
138 436
138 438
138 440
138 484
138 489
139 171
139 201
139 272
139 292
139 306
139 339
139 362
139 427
139 439
139 455
139 481
140 155
140 189
140 217
140 219
140 256
140 259
140 286
140 325
140 383
140 415
140 420
140 432
140 446
140 461
140 479
141 152
141 212
141 215
141 226
141 230
141 238
141 241
141 242
141 249
141 250
141 255
141 278
141 287
141 324
141 345
141 347
141 356
141 365
141 418
141 423
141 436
141 438
141 440
141 451
141 453
141 484
141 489
142 220
142 221
142 248
142 307
142 372
142 385
142 407
142 408
142 425
142 469
142 487
143 144
143 176
143 180
143 182
143 195
143 198
143 229
143 277
143 302
143 320
143 328
143 403
143 419
143 443
143 471
144 165
144 179
144 195
144 229
144 277
144 281
144 284
144 308
144 313
144 328
144 376
144 403
144 405
144 412
144 429
144 443
144 459
144 467
144 471
144 495
145 169
145 214
145 217
145 219
145 237
145 246
145 266
145 274
145 293
145 315
145 352
145 383
145 395
145 473
145 479
146 158
146 205
146 245
146 261
146 271
146 301
146 314
146 354
146 377
146 392
146 394
146 401
146 448
147 148
147 183
147 260
147 369
147 385
147 408
147 416
147 449
147 482
148 183
148 243
148 260
148 369
148 416
148 482
149 162
149 167
149 185
149 210
149 232
149 261
149 290
149 297
149 301
149 312
149 336
149 344
149 354
149 358
149 377
149 393
149 448
149 468
149 478
150 172
150 181
150 188
150 190
150 222
150 351
150 363
150 367
150 373
150 378
150 382
150 384
150 400
150 424
150 458
151 153
151 165
151 179
151 206
151 211
151 223
151 239
151 277
151 296
151 300
151 308
151 313
151 329
151 405
151 477
151 498
152 181
152 212
152 215
152 225
152 226
152 230
152 242
152 249
152 268
152 287
152 324
152 326
152 345
152 351
152 365
152 424
152 438
152 445
152 453
152 456
152 474
152 484
152 489
153 166
153 179
153 208
153 223
153 239
153 240
153 270
153 277
153 308
153 313
153 364
153 405
153 471
153 477
154 169
154 183
154 231
154 237
154 243
154 246
154 260
154 274
154 293
154 352
154 482
155 259
155 286
155 415
155 420
155 432
155 434
155 437
155 461
156 233
156 269
156 283
156 320
156 321
156 340
156 349
156 371
156 397
156 406
156 417
156 431
156 447
156 465
156 466
156 493
156 496
156 499
157 161
157 177
157 192
157 279
157 303
157 311
157 327
157 331
157 342
157 343
157 411
157 422
157 472
157 474
157 494
158 174
158 193
158 245
158 263
158 264
158 361
158 392
158 394
158 410
159 164
159 235
159 282
159 284
159 333
159 337
159 376
159 402
159 426
159 460
159 466
159 475
159 490
160 168
160 194
160 200
160 247
160 279
160 306
160 319
160 339
160 346
160 357
160 370
160 386
160 455
160 470
161 192
161 226
161 230
161 249
161 276
161 324
161 326
161 331
161 343
161 365
161 366
161 379
161 411
161 440
161 472
161 474
161 484
161 494
162 185
162 232
162 261
162 290
162 297
162 301
162 312
162 336
162 354
162 358
162 377
162 393
162 448
162 478
163 164
163 174
163 175
163 193
163 235
163 263
163 264
163 282
163 284
163 334
163 337
163 361
163 392
163 409
163 410
163 430
163 457
163 460
163 475
163 483
164 174
164 175
164 193
164 235
164 263
164 264
164 282
164 284
164 334
164 337
164 361
164 392
164 409
164 410
164 430
164 457
164 460
164 467
164 475
164 483
165 173
165 179
165 206
165 211
165 262
165 277
165 281
165 308
165 313
165 334
165 338
165 350
165 405
165 409
165 412
165 429
165 459
165 467
165 492
165 495
166 208
166 209
166 223
166 236
166 239
166 240
166 251
166 270
166 276
166 366
166 379
166 421
166 472
166 477
167 185
167 196
167 197
167 232
167 265
167 297
167 310
167 312
167 336
167 344
167 358
167 359
167 368
167 387
167 398
167 444
167 468
167 480
168 170
168 200
168 201
168 209
168 234
168 236
168 244
168 285
168 339
168 357
168 370
168 386
168 396
168 455
168 470
169 183
169 237
169 243
169 246
169 274
169 293
169 315
169 352
170 209
170 223
170 234
170 236
170 244
170 247
170 257
170 279
170 285
170 370
170 379
170 386
170 396
170 421
170 470
170 472
171 272
171 292
171 306
171 357
171 427
171 439
171 455
171 481
172 178
172 188
172 190
172 363
172 373
172 384
172 400
172 458
173 191
173 205
173 206
173 210
173 211
173 227
173 261
173 262
173 271
173 314
173 334
173 338
173 350
173 377
173 401
173 409
173 412
173 467
173 492
173 495
174 175
174 193
174 245
174 263
174 264
174 361
174 392
174 394
174 410
174 430
174 483
175 193
175 235
175 245
175 263
175 264
175 282
175 284
175 334
175 337
175 338
175 361
175 392
175 409
175 410
175 430
175 457
175 460
175 467
176 180
176 182
176 198
176 207
176 216
176 275
176 280
176 288
176 291
176 294
176 295
176 298
176 302
176 304
176 305
176 316
176 388
176 399
176 414
176 419
176 450
176 491
177 194
177 254
177 303
177 309
177 311
177 319
177 327
177 331
177 342
177 343
177 346
177 422
177 464
177 494
178 373
178 434
178 437
179 239
179 277
179 281
179 308
179 313
179 405
179 429
179 471
179 477
180 182
180 198
180 207
180 216
180 275
180 295
180 302
180 304
180 305
180 364
180 388
180 389
180 419
180 450
180 471
180 491
181 188
181 212
181 225
181 230
181 242
181 268
181 326
181 345
181 351
181 373
181 424
181 445
181 453
181 456
181 484
182 195
182 198
182 207
182 229
182 233
182 275
182 302
182 320
182 349
182 388
182 403
182 419
182 443
182 450
182 471
183 237
183 243
183 260
183 274
183 293
183 369
183 416
183 449
183 482
184 267
184 269
184 340
184 371
184 447
184 463
184 485
185 196
185 210
185 227
185 232
185 265
185 290
185 297
185 301
185 312
185 336
185 344
185 354
185 358
185 359
185 393
185 398
185 428
185 468
185 478
186 203
186 213
186 221
186 253
186 267
186 307
186 330
186 371
186 372
186 375
186 397
186 404
186 425
186 431
186 463
186 476
186 487
186 488
186 496
187 199
187 203
187 213
187 218
187 221
187 253
187 266
187 288
187 322
187 330
187 352
187 372
187 374
187 391
187 395
187 404
187 488
187 497
188 190
188 268
188 351
188 363
188 373
188 382
188 384
188 400
188 424
188 458
189 256
189 259
189 286
189 291
189 299
189 325
189 390
189 391
189 415
189 420
189 446
189 461
189 479
190 222
190 273
190 335
190 341
190 363
190 367
190 373
190 378
190 382
190 384
190 400
190 424
190 458
191 205
191 206
191 210
191 211
191 227
191 261
191 262
191 271
191 296
191 297
191 300
191 310
191 312
191 314
191 329
191 336
191 338
191 350
191 358
191 377
191 393
191 401
191 428
191 468
191 478
191 492
191 498
192 244
192 276
192 279
192 303
192 331
192 342
192 343
192 379
192 411
192 472
192 474
192 494
193 245
193 263
193 264
193 361
193 392
193 410
193 430
193 457
193 483
194 200
194 247
194 254
194 279
194 303
194 319
194 327
194 342
194 346
194 357
194 386
194 494
195 229
195 233
195 320
195 328
195 376
195 403
195 443
195 459
195 466
195 471
195 499
196 197
196 232
196 265
196 312
196 317
196 344
196 358
196 359
196 362
196 368
196 387
196 398
196 444
196 480
197 265
197 292
197 317
197 344
197 359
197 362
197 368
197 387
197 398
197 444
197 480
197 486
198 207
198 275
198 280
198 288
198 294
198 295
198 298
198 302
198 304
198 305
198 316
198 388
198 399
198 419
198 450
198 471
198 491
199 218
199 231
199 246
199 266
199 274
199 293
199 322
199 330
199 352
199 372
199 374
199 395
199 404
199 407
199 469
199 497
200 247
200 306
200 319
200 339
200 346
200 357
200 370
200 386
200 455
200 470
201 234
201 272
201 292
201 339
201 359
201 370
201 396
201 444
201 455
201 470
201 480
202 309
202 311
202 323
202 335
202 341
202 343
202 360
202 422
202 456
202 464
202 474
203 213
203 218
203 221
203 253
203 307
203 316
203 330
203 372
203 374
203 375
203 404
203 425
203 476
203 487
203 488
203 497
204 258
204 289
204 318
204 348
204 353
204 380
204 452
204 462
205 206
205 210
205 211
205 227
205 261
205 262
205 271
205 314
205 334
205 336
205 338
205 350
205 354
205 377
205 393
205 394
205 401
205 409
205 412
205 478
205 492
206 210
206 211
206 227
206 262
206 271
206 281
206 296
206 308
206 313
206 314
206 334
206 338
206 350
206 401
206 409
206 412
206 429
206 467
206 492
206 495
207 208
207 216
207 238
207 250
207 251
207 270
207 275
207 294
207 295
207 302
207 304
207 305
207 364
207 388
207 389
207 414
207 419
207 436
207 450
207 471
207 491
208 216
208 239
208 240
208 251
208 255
208 270
208 305
208 356
208 364
208 366
208 389
208 436
208 440
208 491
209 223
209 234
209 236
209 244
209 257
209 285
209 370
209 379
209 386
209 396
209 421
209 470
209 472
210 211
210 227
210 261
210 262
210 271
210 296
210 297
210 301
210 312
210 314
210 329
210 336
210 338
210 350
210 354
210 358
210 377
210 393
210 401
210 428
210 478
210 492
210 498
211 227
211 262
211 271
211 277
211 281
211 308
211 313
211 314
211 334
211 338
211 350
211 401
211 405
211 409
211 412
211 429
211 467
211 492
211 495
212 215
212 225
212 226
212 230
212 242
212 249
212 268
212 278
212 287
212 324
212 326
212 345
212 347
212 351
212 365
212 418
212 424
212 438
212 445
212 453
212 484
212 489
213 218
213 221
213 253
213 280
213 288
213 298
213 316
213 330
213 372
213 374
213 375
213 404
213 425
213 476
213 487
213 488
214 217
214 219
214 315
214 383
214 473
215 216
215 226
215 230
215 238
215 241
215 242
215 249
215 250
215 251
215 255
215 278
215 287
215 324
215 326
215 347
215 356
215 365
215 418
215 436
215 438
215 440
215 484
215 489
216 238
216 241
216 250
216 251
216 255
216 270
216 278
216 294
216 295
216 304
216 305
216 347
216 356
216 364
216 388
216 389
216 390
216 414
216 436
216 440
216 491
217 219
217 315
217 383
217 420
217 473
217 479
218 221
218 231
218 253
218 266
218 322
218 330
218 352
218 372
218 374
218 375
218 404
218 407
218 469
218 487
218 497
219 259
219 315
219 383
219 395
219 415
219 420
219 461
219 473
219 479
220 248
220 307
220 385
220 407
220 408
220 469
220 487
221 253
221 307
221 330
221 372
221 374
221 375
221 404
221 425
221 463
221 476
221 487
222 273
222 323
222 335
222 341
222 367
222 378
222 382
222 384
222 400
222 458
223 236
223 239
223 240
223 257
223 366
223 379
223 421
223 477
224 252
224 258
224 289
224 318
224 332
224 333
224 380
224 402
224 426
224 433
224 442
224 452
224 454
224 462
224 490
225 230
225 242
225 268
225 326
225 351
225 365
225 424
225 456
225 474
225 484
226 230
226 242
226 249
226 255
226 276
226 278
226 287
226 324
226 326
226 347
226 356
226 365
226 438
226 440
226 474
226 484
227 261
227 262
227 271
227 296
227 297
227 314
227 329
227 336
227 338
227 350
227 354
227 377
227 393
227 401
227 428
227 478
227 492
227 498
228 317
228 368
228 441
228 486
229 233
229 320
229 328
229 349
229 403
229 419
229 443
229 466
229 471
229 499
230 242
230 249
230 268
230 287
230 324
230 326
230 345
230 351
230 365
230 424
230 438
230 445
230 453
230 456
230 474
230 484
230 489
231 237
231 246
231 260
231 266
231 274
231 293
231 322
231 352
231 395
231 407
231 449
231 469
231 482
231 497
232 290
232 297
232 301
232 312
232 336
232 354
232 358
232 393
232 448
232 478
233 320
233 349
233 397
233 406
233 419
233 431
233 443
233 465
233 493
233 496
233 499
234 236
234 257
234 300
234 310
234 339
234 370
234 396
234 444
234 455
234 468
234 470
234 480
234 498
235 282
235 284
235 333
235 337
235 361
235 376
235 402
235 410
235 457
235 460
235 475
235 490
236 239
236 244
236 257
236 285
236 300
236 310
236 329
236 370
236 386
236 396
236 421
236 470
236 477
237 243
237 246
237 274
237 293
237 315
237 352
238 241
238 250
238 255
238 278
238 291
238 294
238 295
238 299
238 304
238 305
238 325
238 347
238 356
238 388
238 389
238 390
238 399
238 414
238 418
238 423
238 436
238 491
239 240
239 257
239 421
239 477
240 251
240 270
240 276
240 364
240 366
240 379
240 421
240 472
240 477
241 250
241 255
241 278
241 287
241 291
241 294
241 295
241 299
241 304
241 305
241 325
241 347
241 356
241 388
241 389
241 390
241 399
241 414
241 418
241 423
241 436
241 438
241 491
242 249
242 268
242 278
242 287
242 324
242 326
242 345
242 347
242 351
242 365
242 418
242 423
242 438
242 440
242 445
242 453
242 484
242 489
243 260
243 274
243 482
244 247
244 279
244 285
244 303
244 370
244 379
244 386
244 421
244 470
244 472
245 263
245 264
245 361
245 392
245 394
245 410
245 430
246 266
246 274
246 293
246 322
246 352
246 395
246 479
246 497
247 279
247 285
247 303
247 319
247 342
247 346
247 357
247 370
247 386
247 494
248 260
248 307
248 385
248 407
248 408
248 416
248 449
248 469
248 487
249 251
249 255
249 270
249 276
249 278
249 287
249 324
249 326
249 347
249 356
249 365
249 366
249 436
249 440
249 484
250 251
250 255
250 270
250 278
250 291
250 294
250 295
250 304
250 305
250 324
250 347
250 356
250 364
250 388
250 389
250 390
250 414
250 436
250 440
250 491
251 255
251 270
251 278
251 305
251 324
251 347
251 356
251 364
251 366
251 389
251 436
251 440
251 491
252 282
252 289
252 318
252 332
252 333
252 355
252 380
252 381
252 402
252 413
252 457
252 490
253 275
253 280
253 288
253 298
253 316
253 330
253 372
253 374
253 375
253 399
253 404
253 450
253 488
254 309
254 319
254 327
254 342
254 346
255 270
255 278
255 287
255 305
255 324
255 347
255 356
255 364
255 365
255 389
255 436
255 440
255 491
256 259
256 286
256 291
256 299
256 325
256 390
256 391
256 415
256 418
256 420
256 423
256 432
256 446
256 451
256 461
256 479
257 296
257 300
257 310
257 329
257 396
257 428
257 470
257 477
257 498
258 289
258 318
258 442
258 452
258 454
258 462
259 286
259 325
259 391
259 415
259 420
259 432
259 446
259 461
259 479
260 274
260 293
260 369
260 385
260 407
260 408
260 416
260 449
260 469
260 482
261 262
261 271
261 297
261 301
261 314
261 336
261 350
261 354
261 377
261 393
261 394
261 401
261 448
261 478
261 492
262 271
262 296
262 297
262 314
262 329
262 336
262 338
262 350
262 377
262 393
262 401
262 412
262 428
262 478
262 492
262 498
263 264
263 361
263 392
263 394
263 410
263 430
263 457
263 483
264 282
264 361
264 392
264 394
264 409
264 410
264 430
264 457
264 483
265 297
265 310
265 312
265 336
265 344
265 358
265 359
265 362
265 368
265 387
265 398
265 444
265 468
265 480
266 274
266 293
266 322
266 352
266 374
266 391
266 395
266 469
266 479
266 497
267 269
267 307
267 340
267 371
267 375
267 397
267 406
267 425
267 431
267 447
267 463
267 465
267 476
267 496
268 287
268 345
268 351
268 373
268 424
268 434
268 437
268 438
268 445
268 453
268 484
268 489
269 321
269 340
269 371
269 397
269 406
269 417
269 431
269 447
269 463
269 465
269 485
269 493
269 496
270 278
270 305
270 347
270 356
270 364
270 366
270 389
270 436
270 440
270 491
271 314
271 334
271 338
271 350
271 377
271 392
271 394
271 401
271 409
271 412
271 467
271 492
271 495
272 292
272 306
272 339
272 362
272 427
272 439
272 455
272 481
273 335
273 341
273 367
273 378
273 382
273 384
273 400
273 435
274 293
274 352
274 395
274 469
274 482
275 280
275 288
275 291
275 294
275 295
275 298
275 302
275 304
275 316
275 388
275 399
275 414
275 419
275 450
275 488
276 324
276 326
276 365
276 366
276 379
276 411
276 421
276 440
276 472
276 474
277 281
277 308
277 313
277 328
277 403
277 405
277 412
277 429
277 459
277 467
277 471
277 495
278 287
278 305
278 324
278 347
278 356
278 364
278 365
278 389
278 390
278 418
278 423
278 436
278 438
278 440
278 484
278 489
278 491
279 285
279 303
279 319
279 331
279 342
279 346
279 379
279 386
279 472
279 494
280 288
280 291
280 294
280 295
280 298
280 299
280 302
280 304
280 316
280 388
280 390
280 399
280 414
280 450
280 488
281 284
281 308
281 313
281 328
281 334
281 338
281 403
281 405
281 409
281 412
281 429
281 459
281 467
281 495
282 332
282 333
282 337
282 355
282 361
282 402
282 410
282 413
282 430
282 457
282 460
282 483
282 490
283 321
283 340
283 406
283 417
283 426
283 433
283 442
283 465
283 466
283 493
283 499
284 334
284 337
284 376
284 409
284 412
284 459
284 460
284 467
284 475
284 495
285 303
285 366
285 370
285 379
285 386
285 421
285 470
285 472
286 325
286 415
286 420
286 423
286 432
286 437
286 451
286 461
287 324
287 345
287 347
287 356
287 365
287 418
287 423
287 438
287 440
287 445
287 451
287 453
287 484
287 489
288 291
288 294
288 298
288 299
288 316
288 330
288 374
288 399
288 404
288 450
288 488
289 318
289 332
289 333
289 380
289 402
289 426
289 433
289 442
289 452
289 454
289 462
289 490
290 301
290 354
290 393
290 448
290 478
291 294
291 295
291 298
291 299
291 304
291 325
291 388
291 390
291 391
291 399
291 414
291 446
291 450
292 362
292 368
292 427
292 439
292 444
292 455
292 480
292 481
293 352
293 395
293 469
293 482
293 497
294 295
294 298
294 299
294 304
294 305
294 325
294 388
294 390
294 399
294 414
294 436
294 450
294 491
295 302
295 304
295 305
295 356
295 364
295 388
295 389
295 390
295 399
295 414
295 436
295 450
295 491
296 297
296 300
296 310
296 312
296 329
296 336
296 350
296 358
296 396
296 428
296 468
296 477
296 492
296 498
297 301
297 310
297 312
297 314
297 329
297 336
297 344
297 354
297 358
297 377
297 393
297 428
297 468
297 478
297 498
298 299
298 302
298 316
298 330
298 374
298 375
298 399
298 404
298 419
298 450
298 488
299 304
299 325
299 390
299 391
299 399
299 414
299 446
299 450
300 310
300 312
300 329
300 358
300 396
300 428
300 468
300 477
300 498
301 312
301 314
301 336
301 354
301 377
301 393
301 448
301 478
302 316
302 320
302 388
302 419
302 450
302 471
303 319
303 327
303 331
303 342
303 343
303 346
303 386
303 411
303 472
303 494
304 305
304 356
304 388
304 389
304 390
304 399
304 414
304 436
304 450
304 491
305 347
305 356
305 364
305 388
305 389
305 390
305 414
305 436
305 491
306 357
306 481
307 372
307 375
307 404
307 407
307 425
307 463
307 476
307 487
308 313
308 405
308 429
308 459
308 471
308 477
308 495
309 311
309 323
309 327
309 342
309 360
309 422
309 464
310 312
310 329
310 336
310 344
310 358
310 359
310 396
310 428
310 468
310 498
311 323
311 327
311 331
311 335
311 343
311 360
311 422
311 456
311 464
312 329
312 336
312 344
312 358
312 359
312 387
312 393
312 398
312 428
312 444
312 468
312 478
312 480
312 498
313 328
313 334
313 338
313 350
313 405
313 412
313 429
313 459
313 467
313 495
314 336
314 338
314 350
314 354
314 377
314 393
314 394
314 401
314 478
314 492
315 383
315 473
316 330
316 375
316 399
316 404
316 419
316 450
316 488
317 362
317 368
317 387
317 398
317 441
317 486
318 332
318 333
318 380
318 402
318 426
318 433
318 442
318 452
318 454
318 462
318 490
319 327
319 342
319 346
319 357
319 386
319 494
320 349
320 403
320 419
320 443
320 493
320 499
321 340
321 406
321 417
321 426
321 433
321 442
321 447
321 454
321 465
321 466
321 485
321 493
322 330
322 352
322 372
322 374
322 391
322 395
322 479
322 497
323 335
323 341
323 360
323 422
323 464
324 326
324 347
324 356
324 365
324 436
324 438
324 440
324 484
324 489
325 390
325 391
325 399
325 414
325 415
325 418
325 423
325 446
325 451
325 461
325 489
326 343
326 365
326 411
326 424
326 440
326 456
326 474
326 484
327 331
327 342
327 346
327 422
327 464
327 494
328 376
328 403
328 429
328 443
328 459
328 471
328 475
328 495
329 336
329 358
329 396
329 428
329 468
329 477
329 492
329 498
330 372
330 374
330 375
330 404
330 425
330 476
330 487
330 488
330 497
331 342
331 343
331 411
331 422
331 472
331 474
331 494
332 333
332 355
332 380
332 381
332 402
332 413
332 426
332 452
332 462
332 490
333 355
333 380
333 402
333 413
333 426
333 433
333 452
333 460
333 490
334 337
334 338
334 350
334 401
334 409
334 412
334 429
334 459
334 467
334 492
334 495
335 341
335 360
335 378
335 382
335 400
335 464
336 344
336 354
336 358
336 377
336 393
336 428
336 468
336 478
336 492
336 498
337 376
337 409
337 457
337 459
337 460
337 467
337 475
337 495
338 350
338 401
338 409
338 412
338 429
338 467
338 492
338 495
339 357
339 359
339 370
339 396
339 444
339 455
339 470
339 480
340 371
340 397
340 406
340 417
340 431
340 447
340 465
340 485
340 493
340 496
341 360
341 378
341 382
341 464
342 343
342 346
342 411
342 422
342 494
343 411
343 422
343 456
343 474
343 494
344 358
344 359
344 368
344 387
344 398
344 444
344 468
344 480
345 351
345 418
345 423
345 432
345 434
345 437
345 438
345 445
345 451
345 453
345 489
346 357
346 494
347 356
347 365
347 389
347 390
347 418
347 423
347 436
347 438
347 440
347 484
347 489
347 491
348 353
348 380
348 381
349 397
349 406
349 419
349 431
349 443
349 465
349 493
349 496
349 499
350 377
350 401
350 409
350 412
350 467
350 492
350 495
351 373
351 424
351 434
351 437
351 445
351 453
351 484
351 489
352 395
352 469
352 479
352 497
353 380
353 381
354 377
354 393
354 394
354 401
354 448
354 478
355 380
355 381
355 402
355 413
355 430
355 457
355 483
355 490
356 364
356 365
356 389
356 390
356 414
356 436
356 438
356 440
356 491
357 370
357 386
357 455
357 470
357 481
358 359
358 387
358 393
358 398
358 428
358 444
358 468
358 478
358 480
358 498
359 362
359 368
359 387
359 398
359 444
359 468
359 480
360 422
360 464
361 392
361 410
361 430
361 457
361 483
362 368
362 387
362 398
362 427
362 439
362 444
362 480
363 367
363 373
363 378
363 382
363 384
363 400
363 458
364 388
364 389
364 436
364 440
364 491
365 438
365 440
365 474
365 484
365 489
366 379
366 421
366 440
366 472
367 378
367 382
367 384
367 400
367 435
367 458
368 387
368 398
368 427
368 439
368 441
368 444
368 480
368 486
369 385
369 408
369 416
369 449
369 482
370 386
370 396
370 455
370 470
371 375
371 397
371 406
371 425
371 431
371 447
371 463
371 465
371 476
371 493
371 496
372 374
372 375
372 404
372 407
372 425
372 476
372 487
372 488
372 497
373 384
373 434
373 437
373 445
373 458
374 391
374 395
374 404
374 487
374 488
374 497
375 404
375 425
375 431
375 463
375 476
375 487
375 488
376 443
376 459
376 460
376 466
376 475
377 393
377 394
377 401
377 448
377 478
377 492
378 382
378 384
378 400
378 435
378 458
379 386
379 421
379 472
380 381
380 402
380 413
380 452
380 462
380 490
381 413
382 384
382 400
382 458
383 420
383 461
383 473
383 479
384 400
384 458
385 407
385 408
385 416
385 449
385 469
386 421
386 470
386 472
387 398
387 444
387 468
387 480
388 389
388 390
388 399
388 414
388 419
388 436
388 450
388 491
389 436
389 440
389 491
390 399
390 414
390 418
390 423
390 436
390 446
390 450
391 395
391 399
391 446
391 479
392 394
392 401
392 410
393 401
393 448
393 478
394 401
395 479
395 497
396 428
396 444
396 455
396 468
396 470
396 480
396 498
397 406
397 417
397 425
397 431
397 447
397 463
397 465
397 476
397 493
397 496
398 444
398 468
398 480
399 414
399 446
399 450
399 488
400 458
401 409
401 412
401 478
401 492
402 413
402 426
402 452
402 457
402 460
402 490
403 419
403 429
403 443
403 459
403 471
404 425
404 476
404 487
404 488
404 497
405 429
405 471
405 477
405 495
406 417
406 431
406 447
406 465
406 466
406 485
406 493
406 496
406 499
407 408
407 449
407 469
407 487
407 497
408 416
408 449
408 469
408 482
409 412
409 429
409 459
409 467
409 492
409 495
410 430
410 457
410 483
411 472
411 474
411 494
412 429
412 459
412 467
412 492
412 495
413 457
413 483
414 436
414 450
414 491
415 420
415 423
415 432
415 451
415 461
416 449
416 469
416 482
417 431
417 433
417 442
417 447
417 465
417 466
417 485
417 493
417 496
417 499
418 423
418 432
418 438
418 445
418 451
418 453
418 489
419 443
419 450
419 471
420 432
420 461
421 472
422 464
422 494
423 432
423 438
423 445
423 451
423 453
423 461
423 489
424 456
425 431
425 463
425 476
425 487
426 433
426 442
426 452
426 454
426 466
426 490
427 439
427 441
427 486
428 468
428 492
428 498
429 459
429 467
429 495
430 457
430 483
431 447
431 463
431 465
431 476
431 493
431 496
432 434
432 437
432 451
432 453
432 461
433 442
433 452
433 454
433 466
433 490
434 437
434 445
434 453
436 440
436 491
437 445
437 451
437 453
438 440
438 445
438 451
438 453
438 484
438 489
439 481
440 484
441 486
442 452
442 454
442 466
442 490
443 466
443 499
444 455
444 468
444 480
445 451
445 453
445 489
446 461
446 479
447 463
447 465
447 485
447 493
447 496
448 478
449 469
449 482
450 488
451 453
451 461
451 489
452 454
452 462
452 490
453 484
453 489
454 462
454 485
455 470
455 480
455 481
456 474
457 483
459 460
459 467
459 475
459 495
460 475
460 490
461 479
463 476
463 487
463 496
465 493
465 496
465 499
466 475
466 493
466 499
467 495
468 478
468 480
468 498
469 497
472 494
474 484
474 494
476 487
476 496
484 489
487 497
492 498
493 496
493 499
496 499
