0 444
0 117
1 169
1 247
1 81
1 233
2 296
2 148
2 31
2 67
2 363
2 198
3 426
3 55
3 368
4 150
4 179
4 238
4 353
4 37
5 16
5 72
5 15
5 344
6 479
6 64
7 83
8 124
8 234
9 210
9 28
10 152
10 221
11 19
11 285
11 167
13 282
13 69
13 197
14 243
14 459
14 196
14 245
16 211
16 187
16 381
16 333
16 459
17 284
17 87
18 337
18 19
18 143
19 144
19 319
20 326
20 188
20 119
20 66
21 452
21 402
21 262
22 76
22 58
23 395
24 459
24 495
24 431
24 295
24 400
25 76
25 34
26 398
26 260
26 184
27 399
27 160
27 96
28 133
28 181
28 489
28 333
28 71
28 436
28 289
29 328
29 402
30 341
30 161
31 400
31 130
31 340
32 216
32 93
32 40
33 38
33 132
33 177
33 71
34 347
34 296
34 268
34 176
35 400
35 43
36 101
36 148
37 97
37 56
37 361
37 158
38 211
39 113
39 282
39 490
40 185
41 353
42 134
42 100
42 450
42 244
42 62
43 237
43 47
43 117
44 108
44 103
44 252
44 304
44 459
45 482
45 97
45 393
45 484
46 154
46 444
46 496
47 406
47 382
47 308
47 111
48 49
48 309
48 289
48 450
48 433
49 118
49 204
49 456
49 180
49 282
49 298
49 409
50 390
50 191
50 182
50 76
50 496
50 199
51 378
51 247
51 102
51 320
52 266
52 297
52 139
52 234
53 187
53 111
53 106
53 99
53 159
53 181
53 239
53 383
53 274
54 414
54 209
54 422
54 288
54 479
54 204
55 96
55 276
55 489
56 355
56 292
56 407
56 135
57 124
57 375
57 424
57 257
58 59
58 160
59 337
59 244
59 375
59 461
60 473
60 481
60 435
61 352
62 233
62 203
63 209
63 305
63 156
63 80
63 308
63 214
64 472
64 410
64 339
64 422
66 482
66 94
67 92
67 489
67 428
67 198
68 125
68 214
68 92
69 92
69 420
69 356
69 72
69 250
70 149
71 174
71 448
72 179
73 406
74 445
74 363
74 398
75 492
75 342
75 178
76 249
76 321
77 228
77 460
77 269
77 392
78 381
78 496
79 207
79 184
80 396
81 112
82 319
82 373
83 365
83 110
83 265
84 461
85 485
85 123
85 357
86 441
86 275
86 197
86 491
86 264
87 436
87 292
87 499
87 184
87 465
87 342
88 307
88 260
88 250
90 141
90 357
90 487
90 224
91 235
91 168
92 325
92 354
93 478
93 481
93 389
94 329
94 341
95 373
95 491
95 482
96 234
96 422
96 217
96 240
97 392
97 494
98 457
98 219
99 147
99 404
99 138
100 485
100 468
101 142
102 471
102 388
103 228
104 368
105 303
105 299
106 186
106 351
106 276
107 179
107 292
107 173
107 200
107 274
108 351
108 390
109 137
109 168
109 451
109 110
110 173
110 224
110 316
111 355
111 497
112 447
112 383
113 445
113 362
114 155
114 310
114 171
115 377
116 435
117 277
117 234
118 337
118 437
118 498
118 340
118 275
120 142
120 256
121 302
121 459
121 175
122 342
122 193
122 393
122 385
123 338
123 146
124 322
124 153
125 128
125 271
125 217
126 331
126 337
126 182
127 184
128 219
128 183
128 168
129 419
131 270
131 393
132 338
133 231
134 217
135 261
135 498
135 257
135 420
136 213
136 184
136 417
136 409
137 354
137 276
138 368
139 410
139 390
140 289
140 451
140 215
140 424
140 190
140 481
141 218
142 285
143 213
143 293
143 330
144 495
144 186
145 431
145 147
146 371
146 333
147 226
148 358
148 304
148 441
149 421
150 170
150 300
150 428
151 230
151 160
151 406
153 301
153 362
153 260
153 348
154 377
154 199
154 289
156 334
156 389
156 479
157 236
158 374
158 456
158 262
159 373
159 277
160 231
160 352
161 238
161 188
162 417
163 427
164 345
164 440
164 331
165 355
165 274
165 339
166 435
166 193
167 337
167 470
168 385
168 322
168 255
169 354
169 460
170 326
170 357
170 491
170 193
171 230
171 353
172 314
173 467
173 266
174 231
174 281
174 206
175 331
176 313
176 332
177 256
177 294
178 223
178 399
180 378
180 471
181 457
181 272
181 393
181 479
182 467
182 273
182 306
183 349
184 336
184 359
185 441
185 291
185 450
186 401
186 469
187 469
187 421
187 192
187 258
187 451
191 253
191 485
192 280
192 257
192 282
193 240
194 444
195 403
196 322
196 293
196 237
196 395
196 199
197 452
197 251
197 217
197 346
197 425
197 373
198 475
198 375
198 412
198 328
198 224
198 376
198 403
199 212
199 355
200 406
200 442
201 211
201 296
202 489
203 418
203 441
205 339
205 252
205 248
207 283
208 284
208 420
208 247
208 311
209 428
209 486
210 215
211 259
212 368
212 269
213 384
213 400
214 343
214 404
214 280
214 455
215 327
215 369
216 261
217 258
217 339
218 416
218 238
219 356
220 318
221 258
221 446
221 442
222 332
223 359
223 274
224 486
225 460
225 382
225 282
226 460
227 380
227 276
228 497
229 475
230 412
230 483
230 361
231 287
231 396
232 451
233 399
233 436
233 293
234 476
234 274
235 416
236 435
236 457
236 491
237 455
238 253
238 280
238 455
239 439
239 240
239 285
240 390
241 413
242 385
242 301
243 418
243 340
244 411
244 457
244 425
245 284
245 281
245 457
247 284
247 469
247 416
247 356
248 434
248 302
249 296
250 324
250 405
250 258
250 492
251 406
252 302
253 301
254 485
254 419
255 357
255 331
258 450
259 401
259 477
259 310
259 416
261 290
261 281
261 434
263 465
264 411
264 424
265 411
265 278
265 464
265 303
266 461
267 390
267 429
268 427
268 388
268 486
269 334
269 289
271 405
271 304
271 347
272 452
273 402
275 392
276 381
276 495
278 324
278 306
278 403
279 378
280 374
281 408
281 283
283 339
286 459
287 357
287 326
288 295
288 386
290 429
290 409
291 423
292 346
292 293
293 455
295 423
295 391
295 299
295 440
296 365
297 478
297 388
297 365
299 476
300 319
303 320
303 355
305 310
306 330
306 498
307 361
307 379
309 477
310 495
311 341
311 358
312 380
313 402
314 358
315 388
315 467
317 466
317 409
318 370
319 423
320 324
320 372
321 444
323 377
323 436
326 369
329 433
331 466
332 462
334 455
334 474
336 347
339 430
339 386
340 432
340 465
340 437
340 433
340 434
342 470
344 376
345 466
346 353
349 360
349 482
350 423
351 368
351 404
351 352
353 368
356 426
356 420
356 365
356 467
357 423
357 445
361 494
361 465
362 420
362 447
362 370
363 475
363 480
364 416
369 382
370 457
370 451
371 407
371 441
372 393
372 428
372 441
376 418
378 444
379 398
379 409
381 464
381 399
383 392
383 454
384 409
386 487
388 436
389 429
390 462
391 482
392 411
393 395
394 453
395 401
397 476
397 452
398 459
402 423
402 445
404 435
406 453
407 457
408 427
411 489
411 484
412 416
416 427
422 498
432 483
439 481
440 462
445 482
450 466
451 483
451 496
453 499
456 478
463 467
468 499
