0 18
0 31
0 33
0 44
0 50
0 104
0 138
0 217
0 310
0 338
0 412
0 439
1 135
1 143
1 197
1 211
1 228
1 361
1 459
1 462
2 6
2 105
2 147
2 172
2 174
2 197
2 206
2 229
2 231
2 332
2 350
2 385
2 404
2 493
3 37
3 46
3 77
3 115
3 175
3 180
3 207
3 262
3 306
3 328
3 365
3 381
3 417
3 441
3 477
3 492
3 496
4 53
4 166
4 239
4 249
4 393
4 436
4 448
4 471
5 19
5 40
5 47
5 81
5 84
5 117
5 169
5 263
5 267
5 277
5 312
5 362
5 380
5 400
5 416
6 7
6 90
6 129
6 151
6 203
6 219
6 259
6 437
6 443
6 447
6 455
7 19
7 114
7 164
7 217
7 227
7 271
7 326
7 497
8 54
8 63
8 82
8 198
8 203
8 349
8 404
8 423
8 443
8 472
8 485
9 10
9 11
9 183
9 235
9 241
9 410
9 446
9 479
10 102
10 232
10 238
10 275
10 277
10 370
10 430
11 48
11 229
11 260
11 318
11 320
11 356
11 392
11 420
11 480
12 20
12 25
12 80
12 151
12 235
12 238
12 253
12 264
12 304
12 316
12 369
12 377
12 426
12 459
12 474
13 36
13 65
13 89
13 145
13 160
13 363
13 381
13 427
14 83
14 257
14 263
14 268
14 306
15 112
15 145
15 204
15 353
15 368
15 499
16 20
16 35
16 98
16 115
16 125
16 203
16 268
16 270
16 310
16 321
17 102
17 127
17 181
17 208
17 232
17 234
17 293
17 414
17 491
18 77
18 317
18 360
18 410
18 429
18 458
18 485
19 84
19 94
19 119
19 329
19 361
19 364
20 23
20 31
20 39
20 180
20 242
20 243
20 402
20 471
21 23
21 24
21 70
21 140
21 185
21 198
21 237
21 244
21 256
21 288
21 342
21 366
21 376
21 383
21 392
21 410
22 72
22 87
22 268
22 390
22 392
22 398
22 431
23 34
23 80
23 94
23 97
23 108
23 166
23 200
23 247
23 285
23 315
23 336
23 360
23 387
23 397
23 446
24 71
24 106
24 134
24 177
24 359
24 365
24 367
24 411
24 442
24 480
25 36
25 40
25 44
25 125
25 134
25 138
25 140
25 172
25 185
25 267
25 320
25 333
25 335
25 416
25 428
25 436
26 213
26 226
26 252
26 263
26 275
26 282
26 292
26 332
26 337
26 450
26 460
26 462
26 464
26 473
26 498
27 30
27 32
27 76
27 263
27 265
27 292
27 441
27 455
27 481
28 51
28 79
28 250
28 478
29 59
29 244
29 310
29 331
29 347
30 289
30 390
30 392
30 393
30 428
31 124
31 353
31 390
31 442
31 490
32 79
32 86
32 95
32 130
32 196
32 404
32 412
32 421
32 477
33 69
33 329
33 412
33 451
33 493
34 55
34 65
34 94
34 110
34 122
34 164
34 191
34 216
34 343
34 349
34 401
34 444
34 498
35 55
35 99
35 110
35 162
35 179
35 220
35 264
35 462
35 464
36 40
36 60
36 66
36 99
36 136
36 184
36 224
36 333
36 360
36 379
36 400
36 490
37 42
37 55
37 71
37 79
37 86
37 103
37 118
37 127
37 155
37 161
37 196
37 309
37 320
37 352
37 437
37 444
37 475
37 496
38 115
38 121
38 163
38 164
38 242
38 259
38 333
38 342
38 408
38 414
38 446
38 461
39 49
39 53
39 150
39 199
39 237
39 311
39 434
39 490
40 55
40 83
40 104
40 153
40 217
40 223
40 338
40 344
40 360
40 370
40 373
40 461
41 58
41 82
41 93
41 119
41 310
41 422
41 440
41 443
41 463
42 119
42 134
42 147
42 161
42 285
42 320
42 344
43 60
43 81
43 163
43 248
43 292
43 307
43 423
43 431
43 450
44 94
44 160
44 256
44 261
44 333
44 360
44 385
44 442
44 482
45 72
45 86
45 121
45 189
45 270
45 282
45 373
45 411
46 72
46 97
46 108
46 131
46 178
46 216
46 285
46 360
46 390
46 432
47 51
47 99
47 112
47 119
47 133
47 244
47 307
47 310
47 375
47 418
47 431
48 112
48 116
48 136
48 152
48 172
48 197
48 220
48 304
48 315
48 323
48 350
48 384
48 420
48 479
49 69
49 112
49 144
49 158
49 211
49 234
49 239
49 241
49 285
49 314
49 369
50 73
50 213
50 238
50 240
50 287
50 289
50 347
51 88
51 202
51 295
51 395
52 58
52 158
52 160
52 178
52 217
52 246
52 291
52 329
52 480
53 90
53 220
53 223
53 374
53 443
53 455
53 493
54 77
54 187
54 358
54 362
54 376
54 413
54 420
55 133
55 160
55 177
55 184
55 267
55 340
55 365
55 404
55 425
55 454
55 464
56 130
56 150
56 204
56 238
56 272
56 378
56 417
57 108
57 112
57 113
57 220
57 287
57 333
57 354
57 376
57 438
57 472
57 478
58 61
58 179
58 242
58 244
58 266
58 269
58 270
58 303
58 396
58 431
58 442
59 65
59 174
59 178
59 238
59 264
59 265
59 322
59 371
59 377
59 414
59 422
59 469
59 472
60 62
60 84
60 158
60 217
60 295
60 359
60 474
60 499
61 128
61 370
61 448
62 69
62 97
62 151
62 157
62 240
62 253
62 261
62 325
62 371
62 390
62 422
62 468
62 494
63 110
63 199
63 207
63 246
63 255
63 268
63 378
63 447
63 453
64 88
64 138
64 142
64 263
64 279
64 282
64 315
64 317
64 358
64 367
64 444
64 463
64 489
65 117
65 223
65 259
65 291
65 332
65 346
65 348
65 402
65 468
66 84
66 87
66 112
66 136
66 147
66 194
66 215
66 253
66 285
66 311
66 332
66 391
66 404
66 405
66 497
67 88
67 116
67 128
67 135
67 139
67 181
67 284
67 326
67 331
67 336
67 367
67 425
67 476
68 104
68 172
68 187
68 202
68 215
68 229
68 400
68 416
68 475
69 105
69 171
69 227
69 286
69 289
69 293
69 408
69 484
69 485
70 110
70 140
70 183
70 193
70 235
70 296
70 407
70 431
70 443
71 124
71 241
71 274
71 369
72 96
72 140
72 143
72 147
72 284
72 374
72 375
72 391
72 446
73 84
73 118
73 129
73 484
74 137
74 145
74 275
74 320
74 336
74 338
74 362
74 432
74 451
75 76
75 94
75 111
75 112
75 261
75 274
75 336
75 461
75 479
76 79
76 114
76 176
76 275
76 282
76 309
76 378
76 433
76 437
77 110
77 124
77 127
77 167
77 251
77 260
77 269
77 270
77 332
77 351
77 477
78 85
78 88
78 106
78 140
78 183
78 194
78 239
78 252
78 363
78 436
78 482
78 499
79 124
79 151
79 167
79 209
79 276
79 352
79 395
79 426
80 173
80 199
80 212
80 244
80 299
80 308
80 333
80 367
80 374
80 413
80 453
80 460
80 472
81 108
81 126
81 208
81 211
81 230
81 238
81 240
81 253
81 486
82 120
82 200
82 334
82 386
82 392
82 441
82 485
83 119
83 122
83 190
83 207
83 221
83 245
83 372
84 228
84 240
84 276
84 279
84 313
84 349
84 391
85 149
85 183
85 191
85 230
85 258
85 311
85 335
85 376
85 398
85 432
85 438
85 468
85 480
86 89
86 233
86 261
86 292
86 331
86 356
86 424
86 453
87 89
87 189
87 400
87 453
87 495
87 498
88 109
88 167
88 182
88 186
88 280
88 318
89 156
89 186
89 216
89 340
89 453
90 172
90 221
90 282
90 294
90 305
90 425
90 449
90 451
91 291
91 344
91 352
91 367
91 395
91 412
91 469
92 153
92 173
92 300
92 367
92 395
93 97
93 133
93 330
93 338
93 425
93 448
94 107
94 109
94 221
94 260
94 463
95 137
95 213
95 264
95 325
95 331
95 335
95 337
95 361
95 432
95 482
96 115
96 145
96 166
96 365
96 378
96 385
96 399
96 430
96 477
97 107
97 131
97 230
97 276
97 280
97 384
97 439
97 470
98 246
98 272
98 293
98 315
98 450
98 491
99 176
99 235
99 264
99 278
99 317
99 345
99 347
99 359
99 381
99 398
99 404
99 446
99 457
99 470
100 228
100 328
100 345
100 410
100 437
100 456
100 481
101 354
101 377
101 421
101 488
101 497
102 198
102 207
102 210
102 233
102 308
102 392
102 401
102 445
103 105
103 116
103 118
103 168
103 185
103 213
103 215
103 266
103 329
103 416
103 440
104 146
104 181
104 208
104 238
104 243
104 286
104 301
104 380
104 415
104 428
104 497
105 422
105 482
106 139
106 159
106 264
106 272
106 343
106 376
106 413
107 156
107 187
107 249
107 264
107 324
107 382
107 406
107 462
108 198
108 248
108 268
108 275
108 302
108 370
108 406
108 408
109 169
109 192
109 212
109 471
109 475
109 477
110 217
110 279
110 362
110 381
110 414
111 116
111 141
111 166
111 270
111 275
111 301
111 338
111 355
111 358
111 418
111 429
111 485
112 124
112 146
112 168
112 257
112 380
112 463
112 487
113 177
113 327
113 335
113 422
113 479
114 120
114 149
114 286
114 424
114 498
115 153
115 173
115 264
115 317
115 343
115 392
115 478
115 486
116 149
116 153
116 158
116 220
116 236
116 443
117 138
117 296
117 305
117 402
117 487
118 124
118 200
118 359
118 433
118 441
118 460
119 174
119 272
119 322
119 369
119 374
120 160
120 174
120 191
120 205
120 250
120 298
120 323
120 378
120 425
120 458
120 464
121 142
121 230
121 236
121 257
121 279
121 363
121 430
121 442
121 477
122 201
122 222
122 233
122 256
122 317
122 467
123 126
123 177
123 219
123 221
123 260
123 269
123 325
123 362
123 380
123 383
123 406
124 181
124 319
124 329
124 347
124 363
124 413
124 418
124 475
125 266
125 274
125 313
125 315
125 318
125 361
125 362
125 428
125 432
125 453
125 485
125 489
126 146
126 177
126 208
126 240
126 254
126 267
126 356
126 415
126 430
127 156
127 171
127 199
127 255
127 280
127 322
127 387
128 152
128 169
128 234
128 266
128 272
129 145
129 154
129 188
129 263
129 409
129 434
129 442
130 228
130 350
130 369
130 464
130 479
130 486
131 161
131 169
131 171
131 223
131 282
131 319
131 358
131 427
131 455
132 184
132 195
132 406
132 414
132 439
133 136
133 159
133 166
133 200
133 210
133 222
133 348
134 165
134 233
134 274
134 305
134 414
135 231
135 250
135 333
135 389
135 410
135 451
135 453
136 299
136 315
136 423
136 463
137 148
137 153
137 157
137 177
137 194
137 197
137 212
137 299
137 374
137 393
137 405
137 434
137 440
138 147
138 155
138 171
138 173
138 177
138 335
138 495
139 194
139 286
139 321
139 329
140 147
140 230
140 268
140 329
140 374
140 425
140 479
141 155
141 190
141 204
141 208
141 233
141 308
141 325
141 474
141 480
142 197
142 264
142 296
142 308
142 316
142 478
143 159
143 167
143 214
143 308
143 412
143 439
143 477
144 151
144 347
144 424
144 429
145 156
145 185
145 253
145 263
145 310
145 421
145 446
145 469
145 487
145 496
146 159
146 263
146 267
146 281
146 287
146 403
146 428
146 478
147 181
147 309
148 297
148 300
148 325
148 373
148 392
148 422
148 444
149 189
149 208
149 228
149 323
149 385
149 389
149 451
149 489
150 203
150 265
150 335
151 177
151 184
151 309
151 341
151 348
151 392
151 395
151 487
152 369
153 173
153 194
153 321
153 370
153 430
153 433
153 477
154 163
154 232
154 342
154 381
154 409
154 481
154 489
154 491
155 156
155 237
155 296
155 399
155 406
155 416
155 468
156 244
156 288
156 382
156 404
156 445
156 464
157 168
157 199
157 207
157 285
157 337
157 380
157 405
157 468
157 484
158 212
158 287
158 315
158 449
158 450
158 463
158 477
159 168
159 194
159 258
159 292
159 372
159 382
159 397
159 432
159 468
159 490
160 169
160 178
160 299
160 324
160 378
160 429
161 173
161 193
161 237
161 253
161 333
161 336
161 349
161 355
161 364
161 373
161 374
161 396
161 411
161 427
161 452
161 473
162 194
163 207
163 210
163 216
163 249
163 331
163 398
163 455
163 466
164 334
164 338
164 340
164 341
164 449
164 483
165 167
165 195
165 203
165 213
165 227
165 291
165 295
165 317
165 381
165 424
166 181
166 253
166 287
166 319
166 349
166 417
166 444
166 470
167 216
167 218
167 234
168 330
168 391
168 448
168 478
169 237
169 256
169 330
169 347
169 382
169 425
169 427
169 448
170 194
170 225
170 254
170 372
170 495
171 176
171 252
171 270
171 308
171 384
171 415
172 240
172 334
172 338
172 352
172 373
172 444
172 491
172 492
172 494
173 182
173 253
173 321
173 481
173 495
174 242
174 260
174 348
174 488
175 180
175 225
175 314
175 359
176 233
176 234
176 236
176 281
176 293
176 311
176 316
176 397
176 435
176 482
176 488
177 279
177 337
177 457
177 489
178 192
178 207
178 283
178 314
179 306
179 368
179 386
179 439
179 440
180 214
180 276
180 377
180 428
180 476
181 364
181 376
181 386
181 410
181 458
182 246
182 338
182 349
182 367
182 420
182 434
182 461
182 489
183 300
183 342
183 379
183 390
184 354
184 452
184 474
185 205
185 277
185 318
185 357
185 407
185 469
185 486
186 215
186 311
186 482
186 491
187 216
187 251
187 265
187 322
187 329
187 336
187 431
187 494
188 217
188 306
188 331
188 372
188 414
188 458
189 306
189 388
189 389
189 453
190 240
190 256
190 301
190 303
190 334
190 433
191 194
191 233
191 252
191 275
191 306
191 309
191 314
191 396
191 422
191 425
191 444
191 465
191 490
192 219
192 224
192 237
192 337
192 395
192 398
192 437
192 456
192 457
193 362
193 379
193 456
193 479
193 487
194 216
194 240
194 254
194 269
194 291
194 342
194 404
195 210
195 232
195 262
195 263
195 266
195 269
195 288
195 303
195 430
196 273
196 322
196 333
196 360
196 385
196 436
196 441
196 470
197 209
197 255
197 256
197 269
197 320
197 401
197 438
197 459
198 246
198 421
198 476
198 489
199 250
199 273
199 293
199 450
199 481
199 495
200 224
200 248
200 258
200 407
200 477
201 290
201 377
201 410
201 449
202 243
202 289
202 425
202 498
203 235
203 473
203 474
203 493
204 263
204 334
204 385
204 418
204 441
204 449
204 494
204 496
205 276
205 290
205 316
205 464
206 303
206 346
206 382
206 395
206 411
206 438
206 467
206 481
206 483
207 247
207 295
207 321
207 489
208 268
208 311
208 313
208 340
208 381
208 406
208 418
208 466
208 467
209 243
209 260
209 285
209 395
209 416
209 469
210 249
210 276
210 283
210 343
210 344
210 393
211 301
211 326
211 355
211 357
211 397
211 432
211 440
212 214
212 216
212 228
212 270
212 461
213 415
213 445
214 265
214 269
214 273
214 363
214 374
214 375
215 393
215 454
215 467
215 484
215 488
215 494
216 415
217 234
217 290
217 308
217 309
217 313
217 349
217 384
217 387
217 482
217 483
218 253
218 294
218 358
218 491
219 225
220 246
220 326
221 416
221 436
222 231
222 249
222 295
222 327
222 358
222 476
222 484
223 234
223 245
223 291
223 308
223 323
223 360
223 379
223 431
223 447
223 456
223 470
224 247
224 262
224 318
224 350
224 398
224 466
225 252
225 318
225 428
226 262
226 280
226 290
226 410
226 436
226 489
227 296
227 340
227 360
227 395
227 403
227 408
227 409
227 465
227 467
227 476
228 238
228 251
228 317
228 327
228 383
228 394
228 476
229 239
229 328
229 443
229 489
230 287
230 402
230 480
230 484
230 499
231 307
231 371
231 383
231 426
232 364
232 395
232 396
232 416
232 432
232 434
232 441
232 451
233 317
233 396
233 420
233 424
233 471
234 236
234 288
234 289
234 341
234 342
234 345
234 348
234 428
234 436
234 447
234 464
234 489
235 240
235 264
235 278
235 289
235 320
235 332
235 380
235 423
235 424
236 286
236 325
236 331
236 356
236 360
236 382
236 395
237 318
237 355
237 360
237 368
237 429
238 247
238 252
238 291
238 292
238 337
238 389
238 404
238 421
239 260
239 261
239 296
239 350
239 431
239 438
240 416
240 418
241 343
241 372
241 459
241 473
242 334
242 396
242 430
242 483
242 499
243 288
243 303
243 476
244 246
244 390
244 498
245 259
245 303
245 420
246 286
246 289
246 320
246 416
247 248
247 292
247 299
247 367
247 412
247 418
247 481
248 344
248 410
248 434
248 458
248 468
248 477
249 262
249 268
249 338
249 471
250 316
250 429
250 433
250 479
251 275
251 291
251 368
251 380
251 386
251 443
251 468
251 491
252 267
252 293
252 458
252 462
252 480
253 385
254 257
254 284
254 289
255 419
255 427
255 434
255 441
255 467
256 340
256 424
257 305
257 400
257 412
257 457
258 329
258 410
258 479
259 351
259 361
259 400
259 450
260 398
260 403
260 404
260 459
260 498
261 325
262 267
262 278
262 362
262 457
262 497
263 286
263 305
263 343
263 365
263 414
263 470
264 313
264 447
265 359
265 401
265 433
265 440
266 326
266 342
266 421
266 456
267 418
267 477
268 316
268 325
268 358
268 475
269 387
269 436
269 482
270 305
270 390
270 424
271 299
271 342
271 343
271 380
271 385
271 392
271 396
271 403
271 487
272 273
272 307
272 434
272 463
272 480
272 492
273 366
273 377
273 473
274 294
274 307
274 335
274 434
275 321
275 436
275 459
275 466
276 283
276 403
277 295
277 426
277 444
277 460
278 315
278 317
278 321
278 345
278 373
278 463
279 282
279 284
279 339
279 352
279 357
280 284
280 342
281 408
281 413
282 370
282 382
282 387
282 418
282 445
282 447
282 479
283 424
284 300
284 346
284 393
284 454
285 349
285 371
285 389
285 392
285 414
285 449
285 490
286 315
286 328
286 332
286 335
287 333
287 349
287 407
287 473
288 306
288 463
289 321
289 337
289 369
289 419
289 421
289 457
289 458
289 495
290 305
290 351
290 394
290 402
290 426
290 446
291 357
291 420
291 423
291 436
291 439
292 334
292 356
292 363
292 382
293 343
293 414
293 418
294 417
295 403
295 435
295 485
295 496
296 324
296 382
296 485
296 493
297 309
297 356
297 414
298 310
298 317
298 336
298 378
298 405
298 423
298 428
298 446
299 302
299 381
299 466
299 467
300 335
300 346
300 352
300 369
300 384
300 415
300 467
300 485
300 491
301 359
302 397
302 402
302 450
303 313
303 314
304 328
304 358
304 366
304 371
304 395
304 459
305 329
305 387
305 460
306 323
306 347
306 367
306 369
306 375
306 402
306 415
306 473
306 491
307 344
307 345
307 443
308 324
308 344
308 374
308 416
308 492
309 316
309 368
310 316
310 366
310 370
310 432
310 454
311 359
311 406
311 437
312 345
312 347
312 351
312 452
313 339
313 373
313 396
313 398
313 410
313 457
313 489
314 338
314 385
314 435
314 478
314 483
315 391
315 440
315 446
315 470
315 478
316 434
316 453
317 344
317 445
317 496
318 346
318 412
318 486
319 450
319 452
319 494
320 434
320 482
321 419
321 481
322 329
323 339
323 420
323 428
323 438
323 476
324 378
324 496
325 345
325 424
325 477
326 400
326 409
326 431
327 419
328 348
328 449
328 496
329 367
329 397
329 469
329 486
330 401
330 420
331 404
331 476
332 366
332 376
332 378
332 437
332 479
333 347
333 421
333 440
334 433
334 495
335 351
335 402
335 459
336 437
336 494
337 361
337 437
337 470
337 480
338 363
338 417
338 440
338 479
338 495
338 496
339 406
340 361
340 431
340 435
340 456
341 425
342 399
342 412
342 461
342 487
342 495
343 357
343 486
345 405
345 488
346 373
346 393
346 411
346 483
346 488
347 403
348 366
348 394
348 457
348 491
349 359
349 451
350 360
350 433
350 455
350 491
351 414
352 415
353 356
353 369
353 372
353 373
353 385
353 478
354 404
354 411
355 404
355 490
356 388
356 425
356 430
357 401
358 438
358 489
360 380
360 423
360 456
360 466
362 435
362 456
363 372
364 466
364 481
365 457
365 464
366 381
366 430
366 469
367 429
367 471
368 396
368 399
368 453
369 394
369 399
369 417
369 419
369 425
369 455
369 490
370 386
370 444
370 460
371 391
371 470
372 385
373 461
373 499
374 441
374 477
374 498
375 460
375 469
375 492
376 408
376 416
377 399
377 441
377 477
378 392
379 391
380 410
380 417
380 466
381 426
381 462
382 437
383 437
383 464
383 476
384 419
385 422
385 498
386 484
388 412
388 448
388 452
388 496
389 433
389 440
389 447
389 494
390 397
390 407
390 442
390 446
391 408
391 487
392 417
392 488
393 463
393 496
394 417
395 401
395 426
395 496
397 399
397 420
397 423
397 424
397 442
397 480
398 469
399 479
400 478
401 405
401 416
402 468
403 409
403 453
404 450
405 423
407 453
407 495
408 410
408 443
409 451
409 485
410 444
412 445
412 485
414 426
416 434
416 472
416 480
417 481
417 486
418 445
418 455
418 457
421 434
421 468
421 479
422 460
423 453
424 454
424 473
425 428
426 459
427 499
428 433
428 436
428 479
431 432
431 447
431 460
431 488
431 495
432 442
432 443
432 457
434 451
434 490
435 441
436 456
436 467
436 499
437 463
438 482
442 449
442 481
442 482
443 452
443 456
444 493
445 471
445 482
445 483
447 457
447 458
450 460
454 478
456 480
456 487
457 482
458 476
458 477
458 480
458 498
459 462
460 492
461 484
462 475
462 476
463 495
464 490
465 470
465 472
467 478
471 473
471 481
473 492
473 494
475 495
476 487
477 484
479 484
483 494
491 498
