0 8
0 50
0 94
0 100
0 163
0 184
0 222
0 240
0 248
0 258
0 280
0 304
0 310
0 324
0 360
0 391
0 408
0 431
0 452
0 487
0 492
1 33
1 51
1 78
1 106
1 133
1 144
1 214
1 298
1 306
1 329
1 330
1 392
1 432
1 486
1 491
1 493
1 496
2 55
2 109
2 115
2 128
2 179
2 203
2 226
2 228
2 281
2 361
2 387
2 392
2 477
3 10
3 19
3 28
3 49
3 57
3 85
3 151
3 157
3 160
3 301
3 324
3 328
3 358
3 391
3 420
3 435
3 437
3 467
3 493
4 9
4 42
4 91
4 112
4 134
4 168
4 174
4 234
4 249
4 256
4 300
4 365
4 376
4 379
4 384
4 395
5 12
5 35
5 48
5 109
5 131
5 137
5 148
5 167
5 187
5 202
5 223
5 263
5 285
5 359
5 393
5 421
5 426
5 437
6 41
6 43
6 51
6 52
6 73
6 80
6 106
6 111
6 167
6 189
6 196
6 233
6 241
6 281
6 301
6 327
6 332
6 343
6 354
6 362
6 412
6 452
6 454
6 456
7 41
7 53
7 72
7 104
7 109
7 124
7 139
7 148
7 161
7 182
7 192
7 201
7 204
7 276
7 286
7 336
7 365
7 391
7 414
7 415
7 419
7 444
7 478
7 480
7 493
8 13
8 51
8 56
8 132
8 171
8 197
8 198
8 208
8 228
8 242
8 295
8 298
8 300
8 336
8 347
8 357
8 372
8 381
8 387
8 394
8 401
8 420
8 436
8 452
8 492
8 498
9 41
9 106
9 128
9 147
9 166
9 180
9 207
9 214
9 227
9 250
9 272
9 276
9 343
9 353
9 391
9 418
9 423
9 454
9 456
9 486
10 25
10 49
10 75
10 123
10 147
10 160
10 173
10 179
10 184
10 235
10 275
10 281
10 292
10 342
10 354
10 373
10 377
10 435
10 438
10 443
10 456
10 466
10 492
11 41
11 54
11 69
11 98
11 107
11 115
11 123
11 140
11 161
11 167
11 170
11 198
11 207
11 235
11 330
11 339
11 405
11 447
11 474
11 476
12 50
12 96
12 140
12 192
12 226
12 305
12 307
12 325
12 374
12 380
12 381
12 393
12 406
12 432
12 474
13 22
13 52
13 53
13 72
13 167
13 203
13 229
13 230
13 238
13 240
13 302
13 365
13 382
13 385
13 388
13 407
13 432
13 452
13 463
13 488
14 48
14 50
14 53
14 96
14 110
14 178
14 186
14 193
14 249
14 298
14 328
14 341
14 364
14 375
15 33
15 48
15 70
15 135
15 167
15 234
15 268
15 269
15 281
15 301
15 324
15 342
15 349
15 397
15 406
15 445
15 447
15 449
15 457
15 468
15 471
15 475
16 23
16 99
16 133
16 164
16 204
16 225
16 262
16 307
16 319
16 395
16 409
16 429
17 57
17 69
17 105
17 108
17 134
17 135
17 146
17 150
17 170
17 178
17 224
17 423
17 432
17 468
17 493
17 496
18 51
18 106
18 119
18 177
18 190
18 203
18 252
18 289
18 323
18 387
18 393
18 416
18 431
18 461
18 482
19 50
19 86
19 145
19 156
19 225
19 245
19 313
19 331
19 386
19 406
19 458
19 463
19 474
19 494
20 21
20 26
20 81
20 100
20 115
20 122
20 143
20 158
20 172
20 197
20 205
20 231
20 237
20 246
20 297
20 397
20 403
20 419
20 482
21 52
21 62
21 68
21 69
21 102
21 124
21 131
21 132
21 161
21 209
21 230
21 287
21 328
21 357
21 365
21 377
21 383
21 421
21 430
21 448
21 464
21 491
22 23
22 39
22 40
22 57
22 95
22 146
22 207
22 229
22 230
22 313
22 315
22 325
22 331
22 380
22 430
22 472
22 474
22 484
22 497
23 26
23 30
23 42
23 45
23 60
23 94
23 123
23 132
23 180
23 200
23 240
23 243
23 249
23 255
23 271
23 278
23 281
23 286
23 299
23 323
23 330
23 342
23 364
23 386
23 437
23 438
23 444
24 31
24 49
24 52
24 75
24 130
24 161
24 173
24 192
24 261
24 269
24 342
24 346
24 380
24 391
24 413
24 438
25 82
25 108
25 120
25 149
25 156
25 237
25 257
25 266
25 294
25 319
25 321
25 368
25 371
25 403
25 406
25 416
25 448
26 46
26 56
26 96
26 131
26 158
26 192
26 201
26 246
26 283
26 343
26 345
26 346
26 422
26 429
27 52
27 60
27 104
27 106
27 195
27 237
27 246
27 265
27 290
27 304
27 311
27 396
27 411
27 420
27 428
27 442
27 450
27 456
27 475
27 490
28 66
28 104
28 123
28 130
28 190
28 192
28 201
28 207
28 232
28 250
28 268
28 282
28 288
28 301
28 327
28 345
28 358
28 368
28 370
28 411
28 433
28 442
29 49
29 50
29 58
29 93
29 105
29 145
29 170
29 297
29 300
29 324
29 350
29 370
29 377
29 389
29 440
29 459
29 460
29 466
29 471
30 37
30 135
30 138
30 192
30 209
30 231
30 234
30 247
30 289
30 291
30 305
30 327
30 343
30 380
30 407
30 410
30 433
30 457
30 473
31 50
31 51
31 69
31 134
31 142
31 149
31 156
31 221
31 249
31 281
31 283
31 308
31 340
31 353
31 410
31 417
31 433
31 499
32 50
32 55
32 58
32 61
32 71
32 72
32 93
32 100
32 107
32 125
32 145
32 182
32 197
32 225
32 229
32 243
32 248
32 253
32 272
32 278
32 283
32 320
32 333
32 350
32 356
32 386
32 408
32 409
32 421
32 462
32 466
33 47
33 196
33 217
33 290
33 321
33 329
33 338
33 344
33 345
33 389
33 443
34 56
34 58
34 94
34 132
34 160
34 228
34 229
34 244
34 254
34 284
34 337
34 353
34 386
34 451
34 469
34 473
35 65
35 66
35 81
35 90
35 97
35 156
35 177
35 181
35 232
35 273
35 289
35 322
35 366
35 418
35 420
35 440
35 467
35 471
36 41
36 42
36 46
36 100
36 130
36 158
36 254
36 267
36 287
36 313
36 350
36 364
36 377
36 378
36 450
36 456
36 460
36 466
36 477
37 38
37 81
37 138
37 148
37 156
37 157
37 178
37 184
37 254
37 255
37 331
37 338
37 340
37 365
37 385
37 387
37 400
37 404
37 417
37 465
37 470
38 41
38 58
38 65
38 89
38 105
38 120
38 171
38 190
38 209
38 218
38 220
38 225
38 291
38 325
38 337
38 347
38 364
38 365
38 366
38 367
38 412
38 413
38 427
38 432
38 458
39 41
39 119
39 141
39 176
39 250
39 330
39 399
39 429
39 446
39 453
39 455
39 475
39 492
40 48
40 70
40 82
40 88
40 155
40 222
40 244
40 275
40 282
40 303
40 305
40 309
40 337
40 354
40 357
40 381
40 386
40 467
41 49
41 54
41 59
41 65
41 84
41 105
41 114
41 118
41 124
41 144
41 164
41 199
41 210
41 234
41 240
41 252
41 278
41 286
41 299
41 362
41 365
41 367
41 368
41 413
41 418
41 438
41 455
42 47
42 59
42 80
42 95
42 116
42 119
42 143
42 188
42 200
42 205
42 234
42 250
42 253
42 271
42 342
42 350
42 356
42 396
42 433
42 446
42 479
42 483
42 485
43 69
43 82
43 181
43 193
43 201
43 238
43 247
43 279
43 313
43 315
43 349
43 361
43 362
43 426
43 428
43 446
43 470
43 496
44 50
44 80
44 83
44 90
44 108
44 117
44 130
44 157
44 160
44 193
44 195
44 226
44 238
44 302
44 306
44 309
44 336
44 346
44 351
44 387
44 399
44 409
44 414
44 465
44 477
45 75
45 123
45 248
45 250
45 255
45 341
45 351
45 357
45 383
45 393
45 404
45 457
45 471
45 476
46 56
46 66
46 75
46 89
46 103
46 108
46 109
46 112
46 135
46 181
46 204
46 311
46 315
46 334
46 338
46 359
46 372
46 388
46 428
46 498
47 83
47 108
47 125
47 128
47 136
47 145
47 170
47 210
47 237
47 245
47 262
47 273
47 287
47 364
47 365
47 386
47 488
47 495
48 59
48 68
48 69
48 84
48 114
48 180
48 187
48 195
48 208
48 237
48 250
48 291
48 296
48 299
48 311
48 328
48 354
48 366
48 389
48 431
48 442
48 444
49 80
49 112
49 114
49 122
49 124
49 142
49 148
49 154
49 158
49 190
49 209
49 278
49 291
49 318
49 322
49 326
49 336
49 357
49 365
49 379
50 70
50 164
50 175
50 183
50 194
50 205
50 207
50 220
50 284
50 307
50 326
50 336
50 344
50 357
50 360
50 386
50 408
50 419
50 445
51 71
51 89
51 102
51 140
51 198
51 255
51 273
51 300
51 351
51 403
51 424
51 449
51 480
51 489
52 67
52 93
52 118
52 139
52 142
52 154
52 155
52 168
52 183
52 210
52 242
52 290
52 294
52 361
52 406
52 411
52 422
52 423
52 443
52 463
52 468
53 73
53 84
53 104
53 114
53 118
53 156
53 161
53 189
53 222
53 240
53 267
53 285
53 300
53 304
53 320
53 337
53 349
53 353
53 362
53 384
53 386
53 394
53 402
53 412
53 427
53 439
53 444
53 450
53 451
53 460
53 462
53 467
53 487
54 66
54 253
54 276
54 277
54 291
54 313
54 354
54 370
54 393
54 414
54 417
54 457
54 463
55 70
55 110
55 226
55 255
55 270
55 279
55 317
55 320
55 353
55 383
55 445
55 448
55 460
55 474
55 478
55 495
56 78
56 92
56 96
56 132
56 134
56 137
56 158
56 203
56 207
56 241
56 262
56 309
56 312
56 325
56 331
56 339
56 344
56 354
56 367
56 381
56 409
56 464
56 485
57 71
57 94
57 98
57 207
57 217
57 271
57 282
57 321
57 330
57 452
57 490
58 76
58 104
58 114
58 123
58 140
58 156
58 192
58 201
58 268
58 312
58 437
58 456
58 459
58 473
58 474
59 65
59 70
59 84
59 118
59 136
59 141
59 143
59 147
59 181
59 202
59 252
59 264
59 312
59 329
59 333
59 349
59 355
59 357
59 361
59 362
59 386
59 416
59 446
59 455
59 464
59 477
60 90
60 117
60 119
60 161
60 165
60 234
60 245
60 250
60 253
60 262
60 263
60 277
60 278
60 298
60 354
60 382
60 412
60 469
60 486
61 85
61 148
61 261
61 267
61 274
61 285
61 323
61 327
61 340
61 365
61 366
61 374
61 426
61 436
61 461
61 488
62 68
62 114
62 125
62 194
62 199
62 218
62 228
62 242
62 253
62 321
62 331
62 349
62 410
62 412
62 435
62 448
62 452
62 453
62 478
63 73
63 101
63 127
63 129
63 133
63 155
63 192
63 205
63 238
63 240
63 372
63 392
64 89
64 138
64 199
64 221
64 232
64 283
64 302
64 327
64 394
64 421
64 446
64 499
65 95
65 100
65 106
65 125
65 135
65 161
65 173
65 174
65 191
65 225
65 274
65 352
65 376
65 396
65 410
65 424
65 449
65 488
65 489
65 490
65 493
66 84
66 122
66 127
66 137
66 157
66 181
66 182
66 215
66 255
66 282
66 283
66 317
66 321
66 323
66 326
66 340
66 382
66 440
66 456
66 476
67 78
67 89
67 112
67 130
67 137
67 152
67 167
67 182
67 208
67 242
67 246
67 292
67 350
67 384
67 413
67 421
67 433
67 452
67 456
67 464
67 479
67 495
68 92
68 151
68 182
68 199
68 217
68 225
68 263
68 297
68 346
68 355
68 356
68 357
68 360
68 443
68 496
69 70
69 104
69 176
69 205
69 226
69 244
69 266
69 273
69 274
69 275
69 306
69 307
69 331
69 336
69 338
69 349
69 378
69 415
69 457
69 485
70 95
70 110
70 113
70 117
70 129
70 172
70 190
70 207
70 222
70 246
70 302
70 324
70 339
70 354
70 357
70 360
70 363
70 389
70 445
70 492
71 104
71 105
71 143
71 162
71 234
71 239
71 256
71 283
71 328
71 365
71 416
71 448
71 451
71 497
72 75
72 100
72 106
72 153
72 195
72 199
72 205
72 211
72 249
72 316
72 320
72 326
72 336
72 337
72 339
72 341
73 78
73 85
73 123
73 124
73 143
73 147
73 152
73 164
73 171
73 247
73 293
73 335
73 343
73 388
73 429
73 456
74 94
74 118
74 126
74 142
74 190
74 193
74 222
74 237
74 263
74 295
74 326
74 331
74 365
74 409
74 444
74 452
75 80
75 94
75 107
75 138
75 144
75 148
75 178
75 191
75 245
75 286
75 303
75 308
75 317
75 337
75 338
75 360
75 477
75 498
76 146
76 172
76 204
76 207
76 213
76 229
76 236
76 284
76 308
76 309
76 317
76 332
76 338
76 373
76 391
76 394
76 442
77 110
77 156
77 159
77 184
77 189
77 238
77 291
77 356
77 367
77 398
77 407
77 447
77 451
77 472
77 473
77 482
77 487
78 79
78 108
78 119
78 223
78 226
78 239
78 244
78 266
78 268
78 315
78 471
78 474
79 105
79 121
79 174
79 199
79 203
79 209
79 220
79 221
79 226
79 354
79 355
79 391
80 118
80 225
80 237
80 326
80 349
80 351
80 352
80 370
80 412
80 416
80 432
80 458
80 471
80 484
80 499
81 133
81 143
81 152
81 166
81 204
81 225
81 265
81 312
81 335
81 356
81 363
81 376
81 404
81 413
81 441
81 445
82 83
82 87
82 94
82 113
82 160
82 174
82 208
82 216
82 221
82 255
82 256
82 257
82 282
82 373
82 377
82 396
82 420
82 462
83 84
83 104
83 131
83 143
83 147
83 188
83 212
83 232
83 236
83 294
83 295
83 316
83 330
83 340
83 344
83 403
83 424
83 434
83 480
83 488
84 132
84 161
84 187
84 215
84 228
84 251
84 274
84 400
84 406
84 434
84 445
84 484
85 87
85 95
85 97
85 101
85 205
85 241
85 263
85 265
85 280
85 340
85 423
85 456
85 471
86 90
86 115
86 130
86 132
86 140
86 178
86 204
86 220
86 240
86 254
86 298
86 347
86 394
86 425
86 433
86 465
86 472
86 498
87 103
87 105
87 135
87 148
87 160
87 205
87 296
87 361
87 374
87 405
87 436
87 449
88 94
88 108
88 112
88 130
88 135
88 160
88 184
88 264
88 296
88 318
88 320
88 381
88 416
88 423
88 459
88 483
89 103
89 145
89 146
89 158
89 161
89 197
89 208
89 307
89 311
89 321
89 343
89 346
89 376
89 384
89 426
89 438
89 460
89 484
89 493
90 126
90 152
90 160
90 195
90 209
90 227
90 287
90 295
90 315
90 329
90 375
90 377
91 93
91 100
91 120
91 153
91 171
91 223
91 291
91 308
91 313
91 346
91 381
91 382
91 392
91 406
91 448
91 477
91 491
92 152
92 198
92 199
92 228
92 246
92 267
92 284
92 292
92 295
92 322
92 324
92 368
92 391
92 413
92 415
92 417
92 436
92 453
92 460
92 483
93 129
93 145
93 199
93 222
93 226
93 276
93 339
93 378
93 436
93 459
93 486
93 499
94 110
94 115
94 149
94 156
94 242
94 351
94 360
94 371
94 387
94 388
94 413
94 427
94 444
94 445
94 458
94 475
94 498
95 97
95 135
95 149
95 152
95 161
95 180
95 228
95 261
95 311
95 348
95 402
95 444
95 451
95 469
96 136
96 140
96 144
96 147
96 161
96 193
96 343
96 370
96 431
96 497
97 108
97 114
97 117
97 143
97 161
97 179
97 188
97 192
97 206
97 208
97 215
97 222
97 224
97 226
97 239
97 242
97 254
97 259
97 269
97 285
97 293
97 369
97 389
97 415
97 437
97 465
97 470
98 138
98 248
98 293
98 318
98 354
98 374
98 379
98 387
98 404
98 411
98 415
99 103
99 156
99 314
99 329
99 342
99 372
99 390
99 416
99 417
99 473
99 480
100 104
100 111
100 139
100 146
100 152
100 162
100 212
100 219
100 234
100 256
100 289
100 321
100 328
100 466
100 468
101 161
101 168
101 241
101 274
101 311
101 327
101 332
101 346
101 368
101 378
101 397
101 449
101 473
101 489
102 120
102 122
102 138
102 139
102 174
102 254
102 255
102 309
102 311
102 313
102 331
102 359
102 363
102 365
102 372
102 391
102 452
102 482
102 491
103 132
103 147
103 164
103 263
103 269
103 294
103 300
103 324
103 332
103 333
103 346
103 423
103 440
103 442
103 459
103 477
104 117
104 127
104 157
104 166
104 186
104 189
104 242
104 246
104 292
104 300
104 348
104 397
104 406
104 410
104 424
104 426
104 495
105 110
105 132
105 143
105 146
105 175
105 186
105 209
105 211
105 225
105 229
105 261
105 286
105 304
105 343
105 373
105 424
105 426
105 440
106 108
106 125
106 189
106 203
106 268
106 305
106 309
106 338
106 373
106 448
106 451
106 458
106 482
106 484
106 491
107 130
107 146
107 152
107 214
107 266
107 268
107 278
107 280
107 299
107 307
107 320
107 323
107 326
107 339
107 340
107 395
107 419
107 449
107 450
108 133
108 145
108 147
108 177
108 181
108 182
108 195
108 277
108 287
108 322
108 335
108 343
108 346
108 366
108 384
108 414
108 453
108 456
108 474
109 138
109 142
109 192
109 202
109 217
109 245
109 248
109 271
109 272
109 274
109 326
109 338
109 350
109 438
109 450
109 471
110 180
110 208
110 236
110 247
110 292
110 303
110 338
110 340
110 342
110 357
110 358
110 373
110 441
110 474
111 117
111 135
111 202
111 238
111 250
111 286
111 295
111 297
111 307
111 321
111 330
111 331
111 401
111 402
111 409
111 436
111 445
111 461
111 466
111 475
111 481
111 499
112 135
112 237
112 270
112 271
112 276
112 305
112 318
112 323
112 330
112 351
112 372
112 396
112 405
112 415
112 438
112 470
113 116
113 121
113 125
113 144
113 196
113 199
113 204
113 242
113 253
113 261
113 266
113 318
113 324
113 355
113 360
113 383
113 389
113 435
113 436
114 122
114 127
114 148
114 173
114 186
114 198
114 211
114 215
114 224
114 232
114 268
114 269
114 270
114 284
114 285
114 412
114 435
114 447
114 469
114 493
115 156
115 169
115 206
115 216
115 241
115 252
115 301
115 359
115 390
115 398
115 407
115 438
115 458
116 118
116 129
116 139
116 161
116 179
116 189
116 217
116 230
116 248
116 270
116 277
116 280
116 291
116 302
116 312
116 330
116 337
116 339
116 340
116 343
116 366
116 419
116 434
116 478
116 480
116 483
116 489
117 169
117 190
117 200
117 218
117 267
117 280
117 283
117 327
117 353
117 359
117 394
117 397
117 416
117 459
117 461
117 471
118 154
118 156
118 157
118 193
118 224
118 250
118 269
118 297
118 309
118 340
118 364
118 370
118 383
119 135
119 150
119 156
119 158
119 168
119 202
119 212
119 226
119 239
119 296
119 354
119 379
119 404
119 442
120 139
120 143
120 154
120 158
120 196
120 209
120 210
120 225
120 231
120 262
120 271
120 302
120 307
120 378
120 395
120 416
120 446
120 469
120 473
120 474
120 492
120 497
121 144
121 158
121 173
121 206
121 213
121 265
121 290
121 314
121 327
121 340
121 388
121 419
121 431
121 435
121 438
121 440
121 478
122 166
122 167
122 176
122 181
122 184
122 205
122 227
122 242
122 274
122 294
122 305
122 321
122 326
122 380
122 384
122 388
122 394
122 395
122 397
122 477
122 479
123 144
123 202
123 224
123 242
123 265
123 292
123 303
123 305
123 325
123 395
123 404
123 406
123 425
124 152
124 174
124 179
124 200
124 227
124 243
124 248
124 263
124 362
124 386
124 401
124 416
124 498
125 128
125 167
125 177
125 187
125 198
125 268
125 273
125 342
125 427
125 439
125 459
126 130
126 140
126 168
126 181
126 191
126 232
126 239
126 254
126 260
126 261
126 334
126 353
126 379
126 387
126 395
126 396
126 427
126 448
126 456
127 157
127 168
127 247
127 264
127 301
127 303
127 304
127 379
127 391
127 411
127 469
127 486
128 176
128 214
128 224
128 262
128 271
128 281
128 291
128 312
128 332
128 342
128 345
128 387
128 430
128 483
129 131
129 199
129 202
129 222
129 232
129 284
129 294
129 317
129 319
129 323
129 336
129 350
129 413
129 415
129 442
130 136
130 137
130 142
130 162
130 167
130 314
130 331
130 336
130 368
130 378
130 383
130 386
130 454
130 457
130 458
130 468
130 483
131 142
131 147
131 158
131 176
131 219
131 247
131 251
131 257
131 367
131 396
131 431
131 434
131 479
132 143
132 151
132 208
132 245
132 255
132 257
132 280
132 299
132 315
132 354
132 362
132 370
132 407
132 410
132 446
132 455
132 483
132 489
133 156
133 178
133 196
133 214
133 225
133 241
133 311
133 325
133 353
133 359
133 396
133 413
133 418
133 422
133 488
133 497
134 167
134 176
134 183
134 207
134 210
134 214
134 224
134 243
134 271
134 286
134 291
134 316
134 318
134 322
134 347
134 359
134 366
134 414
134 418
134 423
134 499
135 213
135 222
135 336
135 341
135 390
135 392
135 418
135 426
135 450
135 473
135 474
136 167
136 201
136 211
136 223
136 230
136 242
136 264
136 278
136 284
136 329
136 363
136 399
136 443
136 453
136 484
137 141
137 149
137 194
137 239
137 259
137 266
137 281
137 287
137 323
137 361
137 374
137 393
137 404
137 424
137 434
137 437
137 488
137 497
138 154
138 158
138 202
138 203
138 241
138 292
138 303
138 328
138 374
138 436
138 476
139 147
139 157
139 200
139 252
139 268
139 278
139 312
139 322
139 369
139 416
139 479
139 484
140 153
140 172
140 196
140 197
140 226
140 244
140 288
140 295
140 330
140 335
140 346
140 367
140 389
140 414
140 421
140 481
140 494
141 161
141 162
141 168
141 196
141 199
141 230
141 249
141 272
141 274
141 275
141 286
141 311
141 315
141 334
141 347
141 399
141 402
141 412
141 416
141 420
141 449
141 453
141 470
141 486
142 166
142 208
142 212
142 222
142 239
142 240
142 248
142 269
142 297
142 342
142 388
142 431
142 465
142 488
142 492
143 153
143 164
143 171
143 199
143 206
143 227
143 230
143 244
143 248
143 249
143 290
143 292
143 314
143 341
143 403
143 425
143 431
143 459
143 494
144 193
144 211
144 238
144 260
144 274
144 276
144 302
144 304
144 365
144 421
144 433
144 437
144 442
144 460
144 462
145 148
145 156
145 168
145 206
145 211
145 228
145 265
145 279
145 293
145 336
145 345
145 372
145 382
145 409
145 419
145 432
145 436
145 461
145 468
145 481
146 150
146 212
146 243
146 268
146 281
146 290
146 306
146 320
146 337
146 369
146 429
146 437
146 451
146 486
147 187
147 188
147 246
147 252
147 271
147 273
147 326
147 355
147 375
147 390
147 400
147 441
147 445
147 449
147 486
148 170
148 193
148 238
148 310
148 366
148 390
148 393
148 420
148 461
149 161
149 201
149 206
149 219
149 305
149 315
149 334
149 406
149 425
149 428
149 443
149 461
149 480
149 488
150 159
150 228
150 276
150 286
150 292
150 394
150 425
150 444
150 452
151 153
151 175
151 180
151 189
151 237
151 249
151 256
151 267
151 277
151 290
151 299
151 322
151 379
151 380
151 451
151 457
151 497
152 158
152 201
152 215
152 221
152 225
152 242
152 265
152 275
152 304
152 389
152 406
152 428
152 444
152 445
152 451
152 463
153 171
153 175
153 184
153 192
153 206
153 267
153 328
153 405
153 451
153 477
153 495
154 190
154 212
154 214
154 232
154 270
154 277
154 291
154 316
154 318
154 330
154 341
154 349
154 351
154 389
154 393
154 398
154 440
154 456
154 464
154 478
155 157
155 172
155 208
155 245
155 246
155 260
155 264
155 272
155 315
155 369
155 393
155 456
155 467
156 170
156 191
156 229
156 260
156 287
156 303
156 337
156 345
156 352
156 374
156 390
156 418
156 425
156 467
157 176
157 223
157 237
157 264
157 289
157 310
157 317
157 323
157 330
157 336
157 350
157 389
157 436
158 167
158 191
158 220
158 244
158 245
158 292
158 294
158 325
158 353
158 358
158 369
158 385
158 423
158 424
158 427
158 429
158 436
158 443
158 463
159 162
159 173
159 178
159 193
159 200
159 214
159 274
159 283
159 320
159 364
159 374
159 375
159 392
159 419
159 448
160 231
160 261
160 316
160 324
160 328
160 334
160 361
160 386
160 405
160 407
160 420
160 426
160 487
161 162
161 230
161 254
161 302
161 335
161 385
161 402
161 403
161 419
161 434
161 451
162 164
162 194
162 211
162 214
162 247
162 267
162 282
162 286
162 415
162 439
162 468
163 191
163 215
163 235
163 266
163 307
163 311
163 350
163 357
163 458
163 469
164 166
164 168
164 213
164 218
164 242
164 249
164 255
164 261
164 263
164 270
164 290
164 297
164 357
164 368
164 383
164 430
164 434
164 479
165 205
165 216
165 224
165 255
165 258
165 287
165 300
165 312
165 404
165 446
165 448
165 451
165 459
165 498
166 202
166 218
166 228
166 255
166 286
166 292
166 313
166 368
166 397
166 413
166 415
166 448
166 451
166 455
166 462
166 485
167 260
167 296
167 329
167 361
167 371
167 406
167 425
167 441
167 472
167 484
168 195
168 207
168 210
168 266
168 342
168 343
168 360
168 399
168 431
168 434
168 446
168 484
169 171
169 225
169 247
169 313
169 372
169 386
169 402
169 411
169 428
169 469
170 184
170 216
170 230
170 235
170 239
170 241
170 296
170 306
170 344
170 487
170 490
170 494
171 213
171 219
171 224
171 275
171 309
171 317
171 327
171 335
171 358
171 367
171 418
171 432
171 476
172 237
172 253
172 309
172 327
172 329
172 365
172 391
172 405
172 449
172 463
172 465
173 177
173 180
173 193
173 205
173 218
173 242
173 272
173 278
173 285
173 303
173 331
173 346
173 377
173 419
173 431
173 497
173 499
174 192
174 224
174 236
174 245
174 261
174 265
174 273
174 299
174 305
174 319
174 359
174 400
174 478
175 183
175 206
175 212
175 233
175 295
175 309
175 326
175 361
175 377
175 390
176 211
176 215
176 220
176 235
176 276
176 310
176 325
176 338
176 409
176 418
176 432
176 446
176 453
177 181
177 184
177 200
177 204
177 217
177 220
177 234
177 260
177 269
177 313
177 324
177 341
177 355
177 364
177 406
177 433
178 186
178 207
178 216
178 228
178 238
178 278
178 285
178 291
178 301
178 340
178 360
178 376
178 386
178 451
178 463
178 477
178 483
179 184
179 191
179 226
179 256
179 271
179 340
179 383
179 394
179 406
179 411
179 414
179 440
179 454
179 475
180 199
180 210
180 212
180 266
180 318
180 332
180 336
180 349
180 358
180 366
180 396
180 410
180 412
180 481
181 193
181 265
181 270
181 297
181 303
181 318
181 335
181 369
181 410
181 413
181 417
181 426
181 442
182 211
182 242
182 257
182 279
182 313
182 327
182 334
182 354
182 463
182 485
182 487
182 493
183 247
183 280
183 303
183 304
183 353
183 367
183 384
183 410
183 423
183 466
183 473
183 493
184 209
184 241
184 255
184 257
184 284
184 300
184 303
184 304
184 362
184 364
184 432
184 475
184 498
185 207
185 220
185 231
185 237
185 242
185 244
185 267
185 301
185 328
185 358
185 363
185 417
185 421
185 434
185 444
185 462
185 469
185 487
186 197
186 203
186 222
186 242
186 282
186 285
186 361
186 363
186 401
186 453
186 466
186 468
186 476
187 200
187 216
187 239
187 245
187 250
187 260
187 270
187 291
187 303
187 345
187 347
187 359
187 388
187 426
187 435
187 437
187 455
188 189
188 273
188 409
188 416
189 202
189 214
189 238
189 239
189 245
189 260
189 266
189 310
189 378
189 387
189 432
189 439
189 446
190 191
190 282
190 285
190 286
190 293
190 294
190 329
190 339
190 340
190 366
190 443
190 496
191 192
191 213
191 226
191 250
191 272
191 302
191 314
191 395
191 400
192 225
192 238
192 286
192 290
192 382
192 391
192 451
192 480
192 482
193 201
193 278
193 292
193 302
193 325
193 335
193 357
193 399
193 414
193 415
193 436
194 197
194 217
194 232
194 295
194 304
194 305
194 317
194 325
194 367
194 411
194 417
194 423
195 206
195 219
195 232
195 234
195 260
195 279
195 301
195 389
195 402
195 489
196 198
196 233
196 241
196 279
196 290
196 298
196 320
196 328
196 341
196 398
197 214
197 251
197 277
197 285
197 288
197 290
197 308
197 323
197 334
197 365
197 385
197 391
197 402
197 416
197 434
197 480
198 217
198 231
198 272
198 273
198 289
198 325
198 328
198 343
198 347
198 400
198 426
198 447
199 236
199 252
199 271
199 306
199 331
199 380
199 381
199 382
199 441
199 447
199 491
200 229
200 244
200 249
200 295
200 303
200 308
200 343
200 351
200 373
200 374
200 462
200 463
200 464
201 205
201 225
201 231
201 246
201 277
201 365
201 406
201 414
201 442
201 452
201 453
202 242
202 244
202 253
202 307
202 358
202 378
202 395
202 415
202 470
202 486
203 225
203 239
203 242
203 247
203 261
203 263
203 288
203 473
203 477
204 250
204 282
204 291
204 295
204 331
204 333
204 350
204 361
204 367
204 385
204 410
204 463
204 474
205 220
205 235
205 248
205 316
205 330
205 427
205 428
205 449
205 469
205 480
205 493
206 224
206 236
206 238
206 304
206 347
206 355
206 413
206 421
206 449
206 472
206 478
206 488
207 258
207 268
207 286
207 303
207 317
207 336
207 407
207 411
207 414
207 440
207 482
207 498
208 213
208 214
208 222
208 224
208 237
208 246
208 250
208 261
208 278
208 345
208 380
208 391
208 396
208 403
208 406
208 414
208 426
208 462
208 481
208 492
208 494
208 498
209 308
209 334
209 359
209 395
209 396
209 404
209 405
209 406
209 418
209 478
209 498
210 227
210 241
210 257
210 287
210 340
210 341
210 368
210 378
210 394
210 402
210 417
210 419
210 442
210 460
210 479
211 218
211 231
211 242
211 264
211 273
211 279
211 342
211 354
211 388
211 415
211 448
211 454
211 463
211 489
212 262
212 274
212 275
212 284
212 315
212 322
212 372
212 415
212 455
212 466
212 486
212 492
213 218
213 241
213 244
213 325
213 327
213 439
213 443
213 449
213 461
213 477
213 482
214 224
214 263
214 311
214 323
214 327
214 333
214 340
214 358
214 440
214 445
214 456
214 464
214 469
215 271
215 302
215 349
215 444
215 462
215 499
216 218
216 230
216 241
216 248
216 274
216 318
216 329
216 365
216 433
216 447
216 467
217 245
217 275
217 289
217 334
217 342
217 397
217 399
217 409
217 426
217 481
217 499
218 220
218 221
218 253
218 258
218 309
218 319
218 324
218 352
218 360
218 368
218 389
218 391
218 394
218 455
218 485
219 229
219 266
219 268
219 273
219 338
219 388
219 416
219 440
219 460
219 470
220 265
220 297
220 301
220 323
220 332
220 337
220 361
220 381
220 463
220 492
221 332
221 336
221 376
221 389
221 406
221 464
221 476
221 488
221 496
221 498
222 241
222 256
222 279
222 281
222 282
222 307
222 324
222 327
222 334
222 382
222 400
222 446
222 480
222 483
222 498
223 225
223 243
223 277
223 283
223 342
223 386
223 423
223 452
223 469
223 473
223 481
224 227
224 256
224 260
224 268
224 270
224 278
224 280
224 310
224 312
224 325
224 365
224 368
224 371
224 390
224 430
224 452
224 468
224 481
224 494
225 265
225 272
225 305
225 306
225 308
225 364
225 384
225 407
225 416
225 427
225 431
225 432
225 444
225 451
225 453
225 458
225 464
225 486
225 497
226 230
226 271
226 287
226 291
226 370
226 371
226 373
226 422
226 431
226 458
226 465
227 231
227 254
227 255
227 258
227 267
227 328
227 340
227 367
227 382
227 414
227 423
227 440
227 472
227 474
228 283
228 301
228 349
228 356
228 364
228 393
228 435
228 492
229 235
229 238
229 248
229 252
229 263
229 306
229 311
229 332
229 354
229 401
229 418
229 448
229 452
229 458
229 473
229 480
229 488
230 232
230 338
230 347
230 350
230 382
230 402
230 407
230 413
230 421
230 451
230 458
230 484
231 263
231 302
231 344
231 366
231 410
231 492
231 499
232 235
232 244
232 268
232 291
232 304
232 308
232 330
232 355
232 378
232 396
232 444
232 466
232 477
233 263
233 335
233 352
233 367
233 387
233 428
233 446
233 480
234 240
234 247
234 285
234 297
234 330
234 331
234 345
234 366
234 368
234 382
234 400
234 465
234 474
234 491
235 258
235 327
235 335
235 339
235 363
235 367
235 381
235 394
235 449
235 463
235 469
235 489
236 325
236 333
236 356
236 362
236 384
236 437
237 257
237 272
237 281
237 286
237 290
237 304
237 357
237 365
237 403
237 410
237 420
237 451
237 459
237 461
237 474
237 485
237 492
238 246
238 357
238 376
238 397
238 405
238 423
238 426
238 443
238 460
239 255
239 272
239 356
239 403
239 407
239 465
240 258
240 271
240 288
240 308
240 316
240 331
240 360
240 384
240 399
240 436
240 457
241 321
241 330
241 332
241 334
241 389
241 420
241 433
241 456
241 469
241 472
241 479
241 488
242 249
242 283
242 386
242 395
242 396
242 411
242 424
242 431
242 467
242 469
242 478
243 251
243 262
243 383
243 386
243 404
243 486
243 490
243 496
244 257
244 269
244 284
244 307
244 317
244 325
244 358
244 456
244 499
245 314
245 316
245 340
245 372
245 387
245 423
245 443
245 450
245 491
246 257
246 283
246 284
246 294
246 350
246 354
246 394
246 407
246 434
246 437
246 440
246 446
246 449
247 267
247 285
247 293
247 338
247 377
247 381
247 438
247 455
248 251
248 262
248 338
248 399
249 300
249 307
249 322
249 354
249 364
249 368
250 265
250 300
250 305
250 349
250 355
250 380
250 420
250 431
250 450
250 494
251 269
251 303
251 395
251 425
251 449
251 473
251 482
251 484
251 498
252 281
252 324
252 382
252 396
252 438
252 447
253 259
253 261
253 268
253 274
253 373
253 422
253 431
253 492
254 273
254 280
254 288
254 332
254 347
254 365
254 398
254 400
254 466
254 489
254 492
255 265
255 273
255 304
255 348
255 364
255 367
255 403
255 416
255 476
256 282
256 359
256 451
257 266
257 275
257 312
257 313
257 322
257 331
257 349
257 394
257 424
258 312
258 436
258 451
258 455
258 478
258 487
258 494
259 276
259 292
259 341
259 351
259 371
259 373
259 412
259 427
259 453
259 471
260 277
260 310
260 311
260 423
260 457
260 485
261 277
261 286
261 363
261 417
261 436
261 469
261 478
262 266
262 296
262 354
262 363
262 410
262 438
262 493
263 265
263 292
263 308
263 315
263 320
263 326
263 332
263 359
263 369
263 441
263 462
263 467
264 279
264 453
265 274
265 275
265 312
265 318
265 323
265 344
265 351
265 360
265 376
265 377
265 493
266 281
266 320
266 322
266 355
266 375
266 425
266 438
266 449
266 493
267 269
267 270
267 308
267 316
267 327
267 377
267 385
267 401
267 422
267 478
267 479
268 312
268 345
268 347
268 369
268 385
268 392
268 437
268 445
268 495
268 499
269 278
269 282
269 343
269 366
269 444
270 325
270 374
270 477
270 480
270 490
271 300
271 364
271 381
271 482
271 499
272 335
272 340
272 342
272 372
272 394
272 427
272 497
273 284
273 398
273 463
273 472
273 486
274 292
274 356
274 375
274 383
274 420
274 430
274 485
274 492
274 493
275 277
275 288
275 330
275 424
275 439
276 297
276 319
276 332
276 360
276 405
276 414
276 419
276 421
276 468
277 281
277 299
277 358
277 394
277 399
277 422
277 446
277 474
277 494
278 318
278 341
278 343
278 374
278 380
278 386
278 389
278 397
278 415
278 418
278 446
278 488
278 491
279 284
279 293
279 305
279 317
279 318
279 329
279 373
279 394
279 410
279 473
279 498
280 285
280 291
280 321
280 328
280 354
280 369
280 392
280 408
280 446
280 456
280 477
280 498
281 310
281 313
281 340
281 342
281 346
281 394
281 397
281 442
281 445
281 475
282 289
282 300
282 313
282 336
282 356
282 379
282 381
282 385
282 386
282 397
282 427
282 438
282 463
282 489
282 497
283 290
283 327
283 330
283 353
283 393
283 427
283 491
284 286
284 297
284 347
284 360
284 401
284 458
284 459
284 498
285 299
285 308
285 330
285 344
285 382
285 432
285 433
285 452
285 456
286 296
286 301
286 397
286 406
286 437
286 460
286 464
286 467
286 497
287 316
287 327
287 347
287 356
287 357
287 369
287 382
287 411
287 415
287 431
287 445
287 475
288 310
288 393
288 400
288 426
288 456
288 462
288 469
288 483
288 496
289 296
289 307
289 358
289 418
289 475
289 489
290 450
290 455
290 456
290 470
290 474
290 481
291 366
291 386
291 391
291 399
291 408
291 420
291 430
291 438
291 479
291 487
291 496
292 302
292 313
292 335
292 350
292 359
292 374
292 408
292 480
292 499
293 382
293 399
293 471
293 489
293 495
294 319
294 328
294 337
294 345
294 387
294 403
294 427
294 464
294 472
294 474
294 483
295 329
295 336
295 387
295 444
295 474
296 310
296 341
296 345
296 373
296 378
296 448
296 462
296 495
297 342
297 379
297 418
297 427
297 449
297 479
297 483
298 330
298 348
298 370
298 398
298 402
298 426
298 451
298 468
298 494
299 336
299 355
299 430
299 432
300 311
300 314
300 324
300 328
300 339
300 366
300 388
300 492
301 312
301 337
301 340
301 350
301 400
301 411
301 415
301 425
301 469
302 389
302 395
302 441
302 473
302 476
302 478
302 481
302 486
303 343
303 423
304 379
304 402
304 416
304 462
304 485
305 312
305 331
305 394
305 453
305 455
306 319
306 379
306 381
306 404
306 426
306 441
306 442
306 448
306 450
306 483
307 317
307 323
307 338
307 381
307 388
307 438
308 351
308 372
308 402
308 405
308 413
308 443
309 315
309 336
309 365
309 367
309 377
309 408
309 425
309 495
310 325
310 328
310 334
310 363
310 450
310 473
310 486
310 498
311 317
311 342
311 426
311 442
311 460
311 464
311 469
312 331
312 380
312 387
312 407
312 428
312 454
312 457
312 496
313 346
313 368
313 395
313 397
313 401
313 430
313 470
314 345
314 363
314 364
314 378
314 379
314 381
314 383
314 486
315 316
315 318
315 323
315 342
315 391
315 418
316 334
316 384
316 421
316 425
316 455
316 476
316 482
317 321
317 327
317 368
317 377
317 405
317 409
317 419
317 462
317 466
317 474
317 484
317 487
318 330
318 343
318 446
318 467
318 473
319 397
319 405
319 422
319 449
319 458
319 487
320 328
320 366
320 389
320 400
320 434
320 440
320 480
320 487
320 489
320 493
321 326
321 335
321 340
321 342
321 351
321 421
321 427
321 428
321 433
321 479
321 482
321 485
322 328
322 407
322 482
323 349
323 351
323 361
323 371
323 422
323 435
323 476
323 478
323 480
324 353
324 377
324 389
324 431
324 480
324 486
324 495
325 347
325 348
325 349
325 351
325 355
325 377
325 452
326 355
326 370
326 375
326 457
326 472
326 492
327 359
327 386
327 407
327 439
327 441
327 457
328 331
328 348
328 349
328 424
328 432
328 445
328 458
328 459
329 335
329 348
329 390
329 401
329 451
329 456
329 468
329 477
330 344
330 346
330 393
330 411
330 412
330 419
330 452
330 454
330 462
330 489
331 337
331 359
331 395
331 410
331 413
331 460
331 467
331 475
332 384
332 397
332 485
333 374
333 422
333 428
333 455
333 459
333 475
333 492
334 353
334 357
334 365
334 378
334 395
334 398
334 462
334 470
334 497
334 499
335 340
335 376
335 380
335 385
335 434
335 437
335 438
335 488
336 375
336 382
336 492
337 399
337 414
337 433
338 341
338 369
338 383
338 405
338 416
338 429
338 434
338 449
338 453
338 469
338 481
338 492
339 358
339 361
339 399
339 409
339 418
339 460
339 484
340 363
340 368
340 381
340 386
340 452
340 454
340 479
340 484
341 352
341 392
341 395
341 451
341 471
341 472
341 479
341 480
341 485
342 350
342 359
342 388
342 444
342 475
342 483
343 404
343 439
343 446
343 458
343 471
343 473
343 478
344 364
344 383
344 385
344 459
344 468
344 482
345 375
345 392
345 420
345 463
345 466
345 482
346 360
346 368
346 398
346 409
346 432
347 348
347 436
347 441
348 392
348 414
348 417
348 423
348 485
349 352
349 369
349 422
349 442
349 460
349 478
349 492
349 497
350 375
350 389
350 390
350 410
350 428
350 444
350 457
350 476
350 481
350 498
351 352
351 414
351 451
352 364
352 367
352 390
352 476
353 397
353 401
353 430
353 439
353 448
353 470
353 476
353 488
353 491
354 370
354 390
354 462
355 389
355 395
355 404
355 434
355 453
356 395
356 431
356 432
356 450
356 460
356 462
356 483
357 431
357 433
357 434
357 446
357 491
358 455
358 476
359 364
359 429
359 434
359 448
359 450
359 490
360 394
360 424
360 427
360 467
360 480
360 481
360 490
361 366
361 367
361 379
361 444
361 446
362 404
362 421
362 475
362 489
363 369
363 395
363 415
363 426
363 457
363 466
363 478
364 401
364 410
364 432
364 461
364 463
365 401
366 380
366 385
366 409
366 431
366 436
366 461
366 491
367 398
367 420
367 455
367 461
367 484
367 494
368 380
368 401
368 422
368 450
368 461
368 483
369 423
369 424
369 444
369 447
369 464
370 407
370 413
370 471
370 476
371 373
371 468
371 476
372 383
372 396
372 407
372 440
372 455
373 393
374 398
374 416
374 438
374 446
374 451
374 485
374 492
374 496
375 389
375 413
375 441
376 405
376 436
376 486
377 405
377 410
377 445
377 451
378 384
378 385
378 388
378 424
378 442
378 468
378 487
378 495
379 408
379 471
379 479
380 388
380 410
380 416
380 418
380 423
380 474
380 499
381 397
381 438
381 446
381 465
381 480
381 486
382 400
382 419
382 431
382 476
383 439
383 444
383 447
383 455
383 465
383 474
384 408
384 448
384 480
384 483
385 417
385 419
385 424
385 456
386 393
386 397
386 398
386 409
386 431
386 457
386 474
386 495
387 405
388 413
388 443
388 483
389 390
389 395
389 418
389 489
390 406
390 477
391 426
391 430
391 435
391 452
391 475
392 405
392 418
392 466
392 472
392 486
393 396
393 399
393 426
393 453
393 458
393 463
394 427
394 450
394 482
395 454
396 407
396 413
396 455
396 462
397 414
397 444
397 460
397 495
398 428
398 468
398 478
398 479
398 489
399 411
399 433
399 446
399 462
399 469
400 402
400 439
400 444
400 471
400 496
401 414
401 427
401 462
402 468
402 485
403 410
403 414
403 416
403 439
403 442
404 441
404 468
404 470
404 473
405 443
405 473
405 487
406 465
407 409
407 417
407 419
407 428
408 487
409 415
409 470
409 492
409 495
410 414
410 416
410 420
410 428
410 465
410 470
410 496
411 461
411 476
411 479
411 483
411 487
412 441
414 460
414 462
414 474
414 479
414 481
414 482
414 485
414 494
415 430
415 437
415 464
416 422
416 431
416 464
416 470
417 470
417 485
417 495
418 422
418 456
418 498
419 423
419 464
419 467
420 439
420 483
420 486
420 489
421 443
421 469
421 481
422 464
423 426
423 428
423 433
423 438
423 444
423 492
424 438
424 445
424 449
424 455
424 456
424 492
425 455
425 469
426 447
426 461
426 471
427 461
428 495
428 496
429 438
429 452
429 458
429 487
430 454
430 490
430 498
431 444
431 465
432 450
432 468
432 475
432 497
433 451
433 461
433 488
433 490
435 462
435 481
436 455
436 468
436 469
436 470
437 469
437 485
438 461
438 467
439 485
440 472
440 498
441 482
442 448
443 453
443 461
443 472
443 478
444 448
444 481
445 466
446 494
448 453
448 454
448 459
448 497
449 480
449 487
449 494
450 460
451 460
452 457
452 466
452 475
452 488
452 495
453 461
453 497
455 460
456 457
458 487
459 499
461 481
462 474
462 497
463 499
464 485
465 472
467 485
467 491
467 497
468 476
474 492
474 496
478 485
481 491
485 499
488 490
489 497
490 495
493 496
