0 15
0 76
0 172
0 335
0 366
0 499
1 90
1 169
1 177
1 204
1 252
1 277
1 358
1 402
1 467
1 486
1 491
1 496
2 20
2 125
2 218
2 235
2 303
2 363
2 370
3 120
3 178
3 190
3 239
3 346
3 348
3 374
3 429
4 69
4 130
4 321
4 338
4 390
4 468
4 477
5 175
5 199
6 35
6 115
6 133
6 156
6 208
6 454
6 476
7 56
7 128
7 240
7 337
7 373
7 412
8 9
8 57
8 72
8 141
8 171
8 197
8 239
8 257
8 288
8 319
8 346
8 406
9 72
9 141
9 171
9 197
9 206
9 213
9 257
9 288
9 319
9 367
9 406
10 11
11 36
11 451
11 461
12 115
12 170
12 350
12 369
12 371
12 409
12 410
12 424
12 473
13 40
13 60
13 284
13 329
13 340
13 362
13 434
13 448
14 41
14 44
14 191
14 234
14 298
14 421
15 76
15 88
15 111
15 215
15 223
15 313
15 335
15 385
15 404
15 499
16 48
16 100
16 200
16 223
16 245
16 345
16 404
16 438
16 499
17 58
17 192
17 210
17 245
17 258
17 266
17 386
18 54
18 177
18 204
18 224
18 252
18 271
18 316
18 368
18 402
18 428
18 467
18 486
19 33
19 122
19 219
19 275
19 308
19 326
19 352
20 218
20 235
20 242
20 261
20 303
20 363
20 370
20 487
21 27
21 37
21 169
21 189
21 243
21 255
21 264
21 320
21 464
22 29
22 117
22 361
22 368
22 428
22 450
22 470
23 38
23 57
23 79
23 89
23 106
23 109
23 114
23 141
23 144
23 257
23 259
23 297
23 299
23 323
23 406
23 472
23 474
24 58
24 145
24 228
24 230
24 241
24 258
24 328
24 338
24 364
24 403
24 413
25 147
25 153
25 198
25 201
25 209
25 229
25 238
25 309
25 318
25 365
25 387
25 453
25 484
25 495
26 129
26 154
26 232
26 260
26 272
26 294
26 295
26 307
26 417
26 455
27 82
27 189
27 264
27 320
27 395
27 458
28 224
28 300
28 314
28 316
28 324
28 368
28 408
28 432
28 497
29 117
29 236
29 428
29 434
29 450
29 470
30 136
30 161
30 193
30 253
30 310
30 418
30 432
30 441
31 43
31 83
31 265
31 279
31 471
31 485
32 95
32 104
32 388
32 447
32 463
33 56
33 122
33 275
33 298
33 308
33 352
33 412
34 50
34 174
34 193
34 286
34 433
34 489
35 110
35 116
35 237
35 336
35 354
35 381
35 454
35 476
36 66
36 132
36 451
36 461
37 243
37 255
37 264
37 274
37 464
37 476
38 57
38 79
38 89
38 106
38 108
38 109
38 114
38 144
38 259
38 297
38 299
38 323
38 474
39 97
39 334
39 349
39 492
40 185
40 220
40 282
40 284
40 329
40 331
40 339
40 362
40 434
40 448
41 44
41 51
41 191
41 234
41 421
41 488
42 55
42 93
42 118
42 146
42 149
42 247
42 439
43 83
43 134
43 190
43 265
43 279
43 471
44 51
44 143
44 191
44 488
45 75
45 113
45 200
45 227
45 498
46 55
46 118
46 159
46 334
46 343
46 349
46 487
47 115
47 182
47 278
47 391
47 409
47 480
48 75
48 100
48 113
48 200
48 223
48 245
48 345
48 404
48 438
48 498
49 67
49 78
49 137
49 160
49 225
49 234
49 311
50 174
50 193
50 286
50 433
50 489
51 143
51 191
51 488
52 134
52 188
52 190
52 279
52 291
52 374
52 396
52 471
53 104
53 138
53 216
53 356
53 376
53 377
53 384
53 388
53 400
53 481
54 177
54 204
54 224
54 252
54 271
54 368
54 402
54 428
54 450
54 467
54 486
55 146
55 149
55 159
55 211
55 261
55 343
55 449
56 128
56 240
56 275
56 337
56 373
56 412
57 89
57 106
57 109
57 114
57 141
57 171
57 257
57 297
57 299
57 319
57 323
57 367
57 406
57 472
57 474
58 192
58 210
58 228
58 241
58 258
58 266
58 328
58 338
58 403
59 105
59 186
59 231
59 250
59 251
59 375
59 430
60 117
60 236
60 434
60 448
61 117
61 236
61 244
61 392
61 393
61 416
61 470
61 494
62 147
62 229
62 301
62 387
62 436
63 85
63 233
63 262
63 344
64 70
64 145
64 163
64 195
64 203
64 228
64 230
64 280
64 328
64 357
64 364
65 79
65 112
65 162
65 267
65 283
65 397
66 132
66 274
66 336
66 354
66 381
66 451
66 461
67 78
67 137
67 160
67 225
67 234
67 298
68 126
68 160
68 225
68 248
68 311
68 457
69 130
69 321
69 468
69 477
70 145
70 195
70 230
70 357
70 364
70 377
70 383
70 384
70 426
70 478
71 94
71 103
71 140
71 179
71 372
71 444
71 485
72 171
72 197
72 213
72 239
72 288
72 346
72 406
73 181
73 221
73 232
73 446
74 91
75 113
75 135
75 200
75 227
75 369
75 473
75 498
76 111
76 148
76 172
76 335
76 366
76 385
77 80
77 89
77 106
77 109
77 205
77 269
77 351
77 389
77 460
77 465
78 137
78 160
78 225
78 234
78 298
78 421
79 106
79 108
79 112
79 114
79 144
79 259
79 267
79 283
79 299
79 323
79 474
80 102
80 106
80 109
80 112
80 144
80 205
80 222
80 259
80 267
80 269
80 296
80 299
80 389
81 119
81 123
81 142
81 246
81 312
81 327
81 443
81 459
81 490
82 207
82 277
83 134
83 190
83 265
83 279
83 346
83 471
84 196
84 278
84 390
84 462
84 468
84 477
84 480
85 262
85 361
85 470
86 88
86 157
86 163
86 203
86 215
86 280
86 313
86 353
86 359
86 378
87 154
87 181
87 219
87 326
88 163
88 215
88 266
88 313
88 404
89 99
89 106
89 109
89 114
89 141
89 144
89 205
89 259
89 297
89 299
89 351
89 465
89 472
89 474
90 169
90 320
90 415
90 491
91 95
91 216
91 249
91 425
92 304
92 422
92 435
93 146
93 149
93 247
93 439
94 103
94 140
94 372
95 104
95 216
95 249
95 447
96 142
96 327
97 166
97 242
97 456
97 487
98 340
98 387
98 452
98 460
99 141
99 206
99 257
99 297
99 319
99 351
99 367
99 392
99 393
99 416
99 465
99 472
99 494
100 200
100 223
100 335
100 345
100 404
100 438
100 499
101 175
101 233
101 317
101 344
101 422
101 435
101 479
102 222
102 260
102 269
102 296
102 389
102 423
103 140
103 372
103 444
104 138
104 216
104 249
104 388
104 447
105 231
105 355
105 375
105 395
105 430
106 109
106 114
106 144
106 205
106 259
106 269
106 297
106 299
106 351
106 465
106 474
107 118
107 151
107 164
107 263
107 306
107 334
107 343
108 114
108 323
109 114
109 144
109 205
109 259
109 269
109 297
109 299
109 351
109 465
109 472
109 474
110 116
110 237
110 336
110 354
110 381
111 148
111 313
111 335
111 385
112 144
112 222
112 259
112 267
112 283
112 296
113 135
113 170
113 369
113 473
113 498
114 144
114 259
114 299
114 323
114 474
115 182
115 208
115 350
115 371
115 409
115 410
115 424
116 237
116 336
116 354
116 381
117 236
117 393
117 434
117 470
118 146
118 151
118 164
118 263
118 306
118 334
118 343
118 349
119 123
119 246
119 273
119 312
119 420
119 443
120 178
120 342
120 348
120 427
120 429
120 483
121 164
121 180
121 187
121 276
121 293
121 302
121 334
122 217
122 219
122 275
122 308
122 326
122 352
123 246
123 273
123 312
123 420
123 443
124 125
124 281
124 322
124 379
124 394
124 414
124 425
125 218
125 235
125 322
125 363
125 370
125 379
125 394
126 160
126 225
126 248
126 311
126 457
127 185
127 220
127 282
127 285
127 289
127 331
127 339
127 362
128 150
128 240
128 330
128 337
128 373
128 412
128 469
129 139
129 154
129 272
129 294
129 307
129 455
130 321
130 468
130 477
131 133
131 156
131 391
132 274
132 451
132 458
132 461
133 156
133 391
133 454
134 178
134 190
134 279
134 291
134 348
134 374
134 471
135 170
135 369
135 386
135 473
135 498
136 174
136 253
136 286
136 324
136 408
136 432
136 433
136 441
136 497
137 217
137 298
137 411
138 216
138 256
138 356
138 377
138 384
138 388
138 400
138 405
138 481
139 154
139 217
139 272
139 294
139 445
139 455
140 372
141 171
141 206
141 257
141 297
141 319
141 367
141 406
141 465
141 472
141 474
141 494
142 246
142 327
142 490
143 150
143 191
143 469
144 259
144 267
144 283
144 299
144 323
144 474
145 163
145 195
145 228
145 230
145 241
145 280
145 328
145 357
145 364
145 383
145 403
146 149
146 247
146 343
146 439
147 165
147 198
147 229
147 238
147 268
147 305
147 309
147 318
147 365
147 387
147 436
147 442
147 495
148 347
148 385
149 159
149 211
149 247
149 261
149 439
149 449
150 240
150 330
150 337
150 469
151 164
151 263
151 306
151 343
152 155
152 158
152 168
152 256
152 405
152 463
153 198
153 201
153 209
153 318
153 365
153 399
153 453
153 484
153 495
154 219
154 272
154 294
154 307
155 158
155 168
155 173
155 256
155 405
156 237
156 391
156 454
157 203
157 280
157 353
157 357
157 359
157 377
157 426
157 482
158 168
158 173
158 256
158 405
159 343
159 349
159 487
160 225
160 234
160 311
161 175
161 199
161 253
161 310
161 418
161 441
162 273
162 283
162 397
162 459
163 215
163 266
163 280
163 328
164 263
164 293
164 306
164 334
164 343
164 349
165 184
165 238
165 268
165 305
165 309
165 360
165 401
165 436
165 442
166 214
166 242
166 322
166 347
166 456
166 466
167 286
167 375
167 489
168 173
168 256
168 405
169 277
169 320
169 358
169 491
170 350
170 369
170 386
170 410
170 424
170 473
171 239
171 288
171 319
171 346
171 406
172 184
172 198
172 268
172 309
172 360
172 366
173 256
173 383
173 398
173 431
173 478
174 193
174 286
174 408
174 433
174 489
174 497
175 199
175 310
175 344
175 479
176 202
176 290
176 342
176 427
176 483
177 204
177 224
177 252
177 271
177 358
177 402
177 467
177 486
177 496
178 190
178 239
178 346
178 348
178 374
178 429
178 471
179 372
179 444
179 485
180 187
180 270
180 276
180 293
180 302
181 221
181 232
181 446
182 196
182 278
182 350
182 409
182 410
182 424
182 480
184 198
184 238
184 268
184 305
184 309
184 360
184 366
185 220
185 271
185 331
185 339
185 362
185 450
185 486
185 496
186 231
186 250
186 251
186 254
186 287
186 430
187 270
187 293
187 302
188 291
188 396
189 212
189 264
189 274
189 395
189 458
190 239
190 279
190 346
190 348
190 374
190 429
190 471
191 469
192 196
192 210
192 228
192 258
192 386
192 390
192 403
192 462
193 286
193 433
193 441
194 200
194 227
194 285
194 399
195 230
195 280
195 357
195 364
195 377
195 383
195 426
195 478
196 278
196 386
196 390
196 462
196 480
197 213
197 233
197 265
197 288
197 292
197 341
198 238
198 268
198 309
198 318
198 360
198 365
198 495
199 310
199 418
200 223
200 227
200 345
200 404
200 438
200 499
201 209
201 282
201 284
201 329
201 365
201 399
201 453
201 484
202 290
202 342
202 427
202 483
203 280
203 357
203 359
203 377
203 426
203 482
204 224
204 252
204 271
204 277
204 358
204 402
204 467
204 486
204 496
205 222
205 259
205 269
205 351
205 389
205 460
205 465
206 244
206 257
206 297
206 319
206 367
206 392
206 393
206 416
206 472
206 494
207 277
207 355
207 375
208 371
208 409
208 454
208 476
209 229
209 318
209 329
209 340
209 365
209 387
209 453
209 484
209 495
210 228
210 245
210 258
210 266
210 328
210 345
211 261
211 303
211 439
211 449
212 254
212 287
212 395
212 458
213 233
213 265
213 288
213 292
213 341
214 322
214 347
214 353
214 378
214 385
214 456
214 466
215 266
215 313
215 345
215 404
216 249
216 376
216 388
216 400
216 407
216 447
217 272
217 308
218 235
218 303
218 363
218 370
219 308
219 326
220 282
220 284
220 331
220 339
220 362
221 232
221 446
222 259
222 267
222 269
222 296
222 389
222 423
223 245
223 335
223 345
223 404
223 438
223 499
224 252
224 300
224 316
224 368
224 402
225 234
225 311
226 260
226 295
226 417
226 423
226 440
227 285
227 399
227 498
228 230
228 241
228 258
228 328
228 403
229 238
229 301
229 309
229 318
229 365
229 387
229 453
229 484
229 495
230 241
230 328
230 364
230 383
230 403
230 413
230 478
231 250
231 251
231 287
231 355
231 375
231 430
232 260
232 307
232 423
232 446
233 262
233 265
233 292
233 317
233 341
234 298
234 421
235 303
235 363
235 370
236 393
236 434
236 448
237 336
237 354
237 381
237 454
237 476
238 268
238 305
238 309
238 318
238 360
238 365
238 436
238 442
238 495
239 288
239 346
239 348
239 406
240 330
240 337
240 373
240 412
240 469
241 338
241 364
241 383
241 403
241 413
241 478
242 456
242 487
243 255
243 320
243 464
243 476
244 367
244 392
244 393
244 416
244 494
245 266
245 345
245 404
245 438
246 312
246 327
246 443
246 459
246 490
247 439
248 457
249 376
249 388
249 447
250 251
250 254
250 430
251 254
251 287
251 430
252 271
252 358
252 402
252 467
252 486
252 496
253 310
253 324
253 408
253 418
253 432
253 441
253 497
254 287
254 430
255 464
255 476
256 384
256 405
257 297
257 319
257 367
257 392
257 406
257 416
257 472
257 494
258 266
258 386
258 403
259 267
259 269
259 283
259 299
259 474
260 417
260 423
261 303
261 449
262 344
263 306
263 325
263 333
263 382
263 475
264 274
264 320
264 458
264 464
265 288
265 292
265 317
265 341
266 328
266 345
266 404
266 438
267 283
267 296
268 305
268 309
268 318
268 360
268 365
268 366
268 495
269 351
269 389
269 460
270 276
270 293
270 302
270 401
270 440
271 331
271 402
271 428
271 450
271 467
271 486
271 496
272 294
272 307
272 455
273 312
273 397
273 420
273 443
273 459
274 451
274 458
275 298
275 308
275 352
275 412
276 293
277 320
277 358
277 402
277 491
278 468
278 480
279 291
279 396
279 471
280 328
280 357
280 364
280 426
281 332
281 356
281 359
281 376
281 379
281 394
281 400
281 407
281 414
281 425
281 482
282 284
282 285
282 339
282 362
282 399
283 397
284 285
284 329
284 331
284 339
284 362
285 399
286 408
286 433
286 489
286 497
287 430
288 341
288 346
289 415
289 419
290 342
290 427
290 483
291 374
291 396
292 317
292 341
293 302
294 295
294 307
294 417
294 455
295 401
295 417
295 440
295 455
296 423
296 446
297 299
297 319
297 351
297 367
297 465
297 472
297 474
297 494
298 352
298 421
299 351
299 465
299 474
300 314
300 316
300 324
300 368
300 408
300 432
300 497
301 387
301 452
303 363
303 370
303 449
304 422
304 435
305 360
305 401
305 436
305 442
306 333
306 343
306 382
306 475
308 326
308 352
309 318
309 360
309 365
309 495
310 344
310 418
312 443
312 459
312 490
313 335
313 385
314 316
314 408
314 497
315 373
316 324
316 368
316 497
317 341
317 422
317 435
317 479
318 365
318 387
318 453
318 484
318 495
319 367
319 406
319 472
319 494
320 464
320 491
321 338
321 390
321 468
321 477
322 378
322 394
322 414
322 456
322 466
323 406
323 474
324 361
324 368
324 408
324 432
324 497
325 333
325 382
325 411
325 445
325 475
327 490
328 364
328 403
329 340
329 448
329 453
329 484
330 337
330 469
331 339
331 362
331 448
332 356
332 359
332 376
332 379
332 394
332 400
332 407
332 414
332 425
332 482
333 382
333 411
333 445
333 475
334 343
334 349
335 385
335 404
335 499
336 354
336 381
336 476
337 373
337 412
338 390
338 403
338 413
338 468
338 477
339 362
340 387
340 452
340 453
342 380
342 427
342 429
342 483
343 349
344 479
345 404
345 438
346 348
347 378
347 385
347 456
347 466
348 374
348 429
348 471
350 371
350 409
350 410
350 424
351 460
351 465
353 359
353 378
353 414
353 466
353 482
354 381
354 476
355 375
355 395
355 430
356 376
356 377
356 384
356 400
356 407
356 426
356 481
356 482
357 364
357 377
357 383
357 384
357 426
357 478
357 481
358 402
358 467
358 491
358 496
359 378
359 394
359 414
359 426
359 482
360 366
361 368
361 470
362 448
363 370
364 383
364 413
364 478
365 387
365 453
365 484
365 495
367 392
367 416
367 472
367 494
368 428
369 424
369 473
369 498
371 409
371 410
371 424
372 444
372 485
373 412
374 380
374 429
375 395
375 430
376 379
376 388
376 400
376 407
376 425
377 384
377 400
377 426
377 481
377 482
378 414
378 456
378 466
379 394
379 407
379 414
379 425
380 429
381 476
382 411
382 475
383 398
383 413
383 431
383 478
384 400
384 426
384 481
386 462
387 452
387 453
387 484
387 495
388 400
388 447
389 423
389 460
390 462
390 468
390 477
392 393
392 416
392 472
392 494
393 416
393 494
394 414
394 425
394 482
395 458
397 459
398 413
398 431
398 478
400 407
400 481
400 482
401 436
401 440
401 442
402 467
402 486
403 413
404 438
404 499
406 474
407 425
408 432
408 433
408 489
408 497
409 410
409 424
410 424
410 480
411 445
411 475
413 431
413 478
414 482
415 419
415 491
416 472
416 494
417 440
417 455
418 441
420 443
422 435
422 479
424 473
426 481
426 482
427 429
427 483
428 450
431 478
432 441
432 497
433 441
433 489
433 497
434 448
434 450
436 442
437 463
438 499
439 449
440 455
444 485
445 475
450 486
451 461
452 453
452 460
453 484
453 495
454 476
456 466
459 490
462 480
464 476
465 472
465 474
465 494
467 486
467 496
468 477
472 474
472 494
473 498
484 495
486 496
491 496
