0 1
0 59
0 316
0 809
1 112
1 595
59 58
59 574
316 317
316 376
809 68
809 79
809 90
809 101
809 113
809 124
809 201
809 235
809 268
809 323
809 335
809 368
809 379
809 434
809 545
809 568
809 623
809 668
809 679
809 723
809 734
809 767
809 790
809 810
809 811
809 815
809 820
809 821
809 825
809 4
809 10
809 12
809 16
809 27
809 28
809 38
809 39
809 41
809 42
809 43
809 44
809 45
809 47
809 48
809 53
809 56
809 66
809 67
809 69
809 73
809 74
809 75
809 76
809 77
809 82
809 83
809 84
809 85
809 86
809 96
809 99
809 104
809 105
809 110
809 111
809 115
809 119
809 127
809 128
809 130
809 132
809 147
809 148
809 167
809 169
809 170
809 171
809 172
809 173
809 174
809 175
809 180
809 188
809 193
809 198
809 199
809 202
809 203
809 204
809 205
809 207
809 211
809 214
809 221
809 222
809 229
809 230
809 239
809 240
809 244
809 248
809 249
809 254
809 255
809 256
809 258
809 259
809 260
809 261
809 262
809 263
809 264
809 266
809 267
809 273
809 285
809 311
809 313
809 314
809 329
809 330
809 331
809 332
809 333
809 336
809 337
809 338
809 339
809 340
809 342
809 343
809 344
809 349
809 351
809 352
809 353
809 354
809 355
809 356
809 358
809 359
809 375
809 402
809 404
809 419
809 426
809 428
809 429
809 430
809 431
809 432
809 433
809 435
809 436
809 437
809 438
809 440
809 442
809 447
809 448
809 450
809 451
809 452
809 454
809 455
809 458
809 460
809 461
809 462
809 464
809 465
809 466
809 473
809 482
809 487
809 489
809 493
809 494
809 495
809 496
809 497
809 498
809 499
809 500
809 502
809 503
809 504
809 505
809 506
809 507
809 508
809 509
809 510
809 514
809 516
809 519
809 526
809 527
809 528
809 529
809 532
809 537
809 539
809 540
809 542
809 543
809 547
809 548
809 549
809 558
809 560
809 562
809 566
809 571
809 576
809 578
809 588
809 589
809 591
809 597
809 607
809 611
809 613
809 614
809 615
809 616
809 617
809 621
809 624
809 633
809 637
809 642
809 643
809 644
809 646
809 647
809 648
809 652
809 653
809 654
809 655
809 657
809 658
809 662
809 665
809 666
809 669
809 670
809 671
809 673
809 674
809 676
809 678
809 680
809 681
809 682
809 686
809 695
809 705
809 707
809 713
809 714
809 715
809 716
809 720
809 735
809 736
809 737
809 742
809 746
809 754
809 757
809 758
809 765
809 766
809 769
809 770
809 771
809 773
809 780
809 782
809 784
809 785
809 786
809 787
809 788
809 789
809 791
809 792
809 793
809 794
809 795
809 797
809 798
809 799
809 800
809 802
809 803
809 804
112 223
112 334
112 161
90 479
101 157
101 490
113 286
124 135
268 279
335 685
368 357
379 390
434 423
568 579
723 712
734 745
767 779
767 801
790 694
811 812
811 563
825 824
10 9
12 700
16 17
16 18
28 20
39 178
39 245
39 541
39 749
39 750
41 725
47 49
56 608
66 641
67 476
69 70
69 324
77 78
82 326
82 717
169 702
172 704
173 703
175 176
203 748
204 806
207 206
211 520
221 819
255 738
256 761
258 759
259 531
261 807
262 274
262 604
285 284
311 772
342 341
435 524
436 525
509 536
510 511
510 553
510 739
529 741
624 768
782 783
223 60
223 483
223 575
334 445
334 484
161 162
60 61
60 159
60 160
60 467
60 477
60 573
575 663
445 556
445 318
484 475
61 62
61 469
61 478
160 474
160 488
467 733
477 629
663 158
556 667
556 377
556 378
318 319
475 320
475 321
667 778
667 380
667 596
378 808
778 817
778 405
380 381
380 659
817 2
817 382
817 420
2 13
2 383
2 581
2 598
382 421
13 24
13 384
383 491
581 582
598 599
24 35
24 385
384 492
599 583
35 46
35 57
35 600
35 672
46 386
46 602
46 664
57 660
600 584
386 81
602 585
602 603
479 468
157 146
157 406
490 744
468 622
286 179
286 345
286 729
146 501
179 190
179 226
135 456
135 538
456 225
538 625
501 168
168 212
168 709
212 224
212 231
190 227
190 228
226 347
224 257
224 232
224 453
224 518
224 728
257 246
257 512
232 233
518 234
518 740
728 348
246 517
512 523
234 287
234 350
517 515
523 534
279 290
279 417
279 418
290 399
290 400
290 684
417 250
418 241
418 427
399 251
400 301
251 6
251 398
301 312
301 252
312 459
252 242
252 253
252 722
459 374
6 5
6 397
6 751
242 626
242 710
685 687
346 357
346 645
346 297
346 688
357 656
357 364
645 634
645 296
297 298
297 409
297 731
688 401
656 363
364 365
634 408
298 144
409 410
390 690
390 218
690 217
690 550
690 691
218 149
408 753
412 423
412 446
412 396
423 282
423 283
446 457
446 315
446 719
396 395
282 166
282 661
315 620
534 557
534 236
534 288
534 533
557 441
236 182
236 237
236 289
236 292
236 407
441 215
182 183
237 293
289 291
579 590
579 439
579 544
590 216
590 689
439 181
216 185
216 724
689 601
185 184
601 612
601 186
612 187
612 361
186 295
187 362
361 360
184 294
701 712
701 219
701 302
701 692
712 220
712 369
219 756
219 816
219 411
302 300
302 730
220 818
369 367
756 463
756 559
816 303
816 693
818 370
819 635
745 194
745 551
194 116
463 117
116 189
117 118
117 191
779 177
779 580
177 40
580 443
580 760
812 813
812 564
812 587
563 755
813 814
813 565
564 269
587 265
814 327
814 328
565 270
327 271
303 304
693 822
370 371
304 100
822 413
635 449
413 106
413 727
106 200
823 824
823 826
823 108
824 109
824 577
826 827
826 305
108 107
108 196
109 197
577 444
827 3
827 306
107 698
3 307
3 372
3 561
306 726
372 373
372 546
5 414
5 415
373 636
414 114
415 416
7 8
7 11
7 131
8 9
8 129
8 281
11 15
11 97
131 134
131 394
9 98
129 280
15 14
15 164
97 165
394 393
280 278
280 777
14 133
14 163
133 619
619 403
17 247
18 19
18 425
247 711
247 796
19 136
425 721
20 21
136 137
21 22
21 593
22 23
22 138
22 272
22 718
23 25
23 29
23 140
23 594
138 139
25 26
25 120
29 30
140 610
26 141
120 121
30 31
30 774
141 142
31 32
31 122
32 33
32 87
32 153
32 675
122 123
33 34
33 154
87 50
87 88
153 151
675 155
675 776
34 36
34 627
50 51
36 37
36 143
36 638
627 628
37 152
37 649
143 125
638 639
152 126
649 650
51 52
52 54
52 55
52 89
55 696
89 91
91 92
608 572
62 63
62 470
62 480
469 471
478 609
63 64
63 481
470 472
480 640
64 65
64 732
481 651
476 322
70 71
70 325
70 486
324 630
71 72
325 631
486 422
486 485
78 80
78 586
92 93
92 156
93 94
93 567
94 95
94 569
95 570
100 102
100 195
100 697
102 103
195 708
118 192
191 150
191 299
192 366
144 145
144 699
320 683
176 706
294 238
748 747
806 805
206 208
206 243
206 308
208 209
208 764
308 309
209 210
209 752
309 310
210 213
210 424
210 632
213 521
632 522
521 535
520 552
738 513
761 554
759 555
531 530
274 275
274 387
274 775
604 605
275 276
275 781
387 388
276 277
276 389
388 606
277 391
389 592
391 392
592 618
618 677
524 763
553 762
741 743
