0 1
0 589
0 700
0 829
0 877
1 112
1 677
589 339
589 340
589 591
700 699
700 702
700 830
700 952
829 810
877 556
112 223
112 676
591 341
556 338
223 334
223 679
676 668
676 675
676 808
334 977
679 690
668 656
675 809
808 674
977 445
977 24
977 113
977 212
977 224
977 257
977 268
977 279
977 301
977 312
977 323
977 335
977 346
977 368
977 379
977 390
977 401
977 412
977 423
977 434
977 446
977 457
977 468
977 479
977 490
977 501
977 512
977 523
977 534
977 545
977 557
977 568
977 579
977 590
977 601
977 612
977 623
977 634
977 645
977 701
977 712
977 723
977 734
977 867
977 878
977 934
977 945
977 956
977 967
977 978
977 979
977 3
977 4
977 5
977 6
977 7
977 8
977 9
977 10
977 11
977 12
977 14
977 15
977 16
977 17
977 18
977 19
977 26
977 28
977 32
977 41
977 45
977 48
977 52
977 53
977 54
977 55
977 56
977 58
977 67
977 69
977 77
977 78
977 86
977 87
977 94
977 105
977 106
977 116
977 117
977 125
977 132
977 133
977 144
977 152
977 158
977 169
977 175
977 176
977 177
977 178
977 180
977 181
977 182
977 183
977 184
977 185
977 186
977 187
977 188
977 189
977 191
977 198
977 214
977 218
977 219
977 220
977 221
977 222
977 225
977 226
977 227
977 228
977 229
977 230
977 231
977 232
977 240
977 243
977 252
977 260
977 261
977 262
977 265
977 284
977 286
977 287
977 288
977 297
977 318
977 319
977 324
977 325
977 330
977 342
977 343
977 344
977 347
977 354
977 359
977 363
977 364
977 366
977 397
977 399
977 403
977 404
977 410
977 411
977 413
977 414
977 415
977 416
977 421
977 422
977 424
977 425
977 432
977 438
977 456
977 466
977 470
977 472
977 473
977 474
977 475
977 476
977 477
977 478
977 480
977 481
977 482
977 483
977 484
977 485
977 486
977 487
977 488
977 492
977 499
977 509
977 510
977 521
977 524
977 528
977 529
977 533
977 535
977 536
977 539
977 544
977 548
977 549
977 551
977 552
977 553
977 554
977 555
977 558
977 559
977 560
977 561
977 563
977 567
977 569
977 571
977 582
977 583
977 584
977 585
977 594
977 613
977 624
977 641
977 660
977 681
977 694
977 703
977 705
977 713
977 719
977 720
977 721
977 722
977 724
977 725
977 726
977 727
977 728
977 729
977 733
977 742
977 743
977 746
977 747
977 748
977 749
977 752
977 766
977 777
977 781
977 782
977 783
977 784
977 785
977 802
977 805
977 806
977 811
977 813
977 824
977 827
977 836
977 837
977 843
977 847
977 848
977 849
977 852
977 854
977 855
977 857
977 863
977 868
977 879
977 881
977 882
977 884
977 885
977 886
977 891
977 892
977 893
977 895
977 896
977 897
977 898
977 899
977 900
977 905
977 906
977 911
977 913
977 914
977 915
977 917
977 920
977 922
977 924
977 926
977 927
977 930
977 933
977 936
977 938
977 939
977 941
977 947
977 948
977 953
977 954
977 959
977 961
977 962
977 963
977 966
977 970
977 972
977 973
977 975
445 964
113 124
224 235
257 704
279 290
335 266
335 267
335 365
346 357
368 398
379 345
390 543
390 658
434 638
446 337
457 639
468 640
479 828
490 741
501 923
512 845
523 815
534 620
557 63
557 669
590 65
601 66
612 670
623 671
634 672
645 732
701 822
712 817
723 835
867 856
934 459
945 289
3 450
4 451
5 62
6 452
7 453
8 454
9 455
11 971
12 310
14 120
15 531
16 538
17 329
18 123
19 84
26 25
28 29
32 33
45 44
48 49
48 715
52 328
53 595
54 355
55 449
55 596
56 369
58 59
67 942
69 70
69 166
78 80
86 85
87 88
94 95
106 107
117 118
125 126
133 134
169 167
169 957
182 495
183 840
191 192
262 263
262 655
262 946
286 285
287 919
324 832
344 907
363 362
410 358
421 174
438 439
478 680
488 489
499 500
553 627
594 937
694 695
694 735
713 35
777 115
843 537
843 968
848 974
852 960
667 778
667 35
667 714
667 739
778 889
778 709
778 710
778 711
35 46
35 650
714 651
739 661
889 2
889 818
889 819
709 518
709 662
711 652
46 57
650 649
2 13
2 609
2 610
819 653
13 635
13 636
609 519
610 611
610 637
635 520
57 68
57 331
68 79
68 614
331 332
79 90
79 890
614 615
332 333
90 101
90 745
890 901
101 740
101 880
745 756
901 820
740 684
740 685
756 767
124 135
124 405
124 643
124 825
135 146
135 706
135 707
405 406
405 642
643 644
825 426
146 157
146 816
146 858
707 428
707 708
426 427
426 682
157 168
157 277
168 179
168 604
277 276
277 602
179 190
179 278
179 605
604 603
604 628
602 626
190 201
190 430
278 280
278 429
605 629
201 431
430 606
280 281
280 683
429 433
431 630
606 631
235 246
235 197
235 327
235 471
246 578
197 196
197 326
197 577
327 904
578 408
704 409
408 407
358 356
290 361
290 944
361 360
361 654
361 943
266 264
267 269
267 550
365 367
357 657
357 929
269 270
269 581
929 931
398 910
345 541
345 908
543 527
543 542
337 336
639 663
640 779
663 616
828 790
741 801
923 823
801 812
845 834
823 155
823 664
823 821
815 814
620 619
620 851
63 64
63 622
669 666
64 625
622 621
622 689
65 692
625 691
66 693
670 965
672 673
672 850
673 731
674 807
822 678
835 592
835 593
593 935
767 912
812 686
155 156
664 665
664 951
821 687
156 159
156 950
687 688
856 298
856 460
856 883
856 902
298 299
298 461
460 20
460 949
461 861
20 888
888 887
450 303
450 304
451 305
62 61
452 306
453 307
454 308
307 928
455 925
308 373
971 309
310 458
120 119
120 121
119 376
119 377
538 122
538 958
123 82
123 381
84 83
84 844
82 311
381 380
21 22
21 27
21 73
21 418
21 787
22 23
22 74
22 419
27 31
27 170
27 916
73 72
73 775
418 204
787 203
23 25
23 75
23 420
74 776
419 171
31 30
31 253
170 254
25 76
25 293
75 292
420 172
171 255
293 173
292 114
172 256
173 258
174 259
30 205
253 207
254 208
29 417
29 872
417 838
872 873
957 955
205 137
205 206
137 138
137 233
137 788
33 34
33 768
33 792
34 36
34 385
34 386
768 384
768 759
792 786
36 37
36 769
36 770
386 387
37 38
37 314
37 315
770 771
38 39
38 128
38 316
38 761
314 313
314 760
39 40
39 250
128 127
128 129
316 388
761 846
40 317
250 251
127 389
129 130
317 131
42 43
42 47
42 249
43 44
47 51
47 149
47 150
47 755
249 93
249 718
44 562
51 50
51 572
51 573
149 92
150 151
755 351
755 870
718 547
562 564
50 349
50 717
50 737
151 154
151 909
351 352
49 348
49 716
348 797
716 89
88 498
349 350
349 738
717 91
89 444
91 148
91 248
91 447
595 300
355 302
596 597
369 969
59 60
59 370
60 598
370 371
371 372
371 522
621 617
695 696
735 697
70 71
70 871
166 165
71 202
71 774
871 467
202 200
202 291
202 876
291 803
80 81
80 791
81 382
382 383
85 104
85 894
104 103
104 396
498 443
444 96
444 918
148 147
148 448
447 97
447 736
96 463
147 102
97 98
97 464
95 462
462 841
463 796
98 99
98 145
464 874
99 100
145 141
145 142
145 394
145 395
145 754
100 247
100 570
141 245
142 143
394 795
247 465
107 108
107 163
107 164
108 109
108 199
163 162
109 110
109 773
199 392
110 111
110 469
110 763
110 764
773 772
111 804
469 765
763 762
118 493
118 853
493 842
853 530
376 375
377 378
126 160
126 793
160 161
389 391
389 494
130 800
134 136
134 839
136 794
839 215
794 216
138 139
138 217
138 789
233 234
139 140
139 393
139 497
789 864
789 869
140 753
393 496
497 241
497 244
497 750
241 242
245 532
532 296
154 153
154 574
153 798
574 575
574 757
574 758
798 799
758 862
159 744
255 209
256 210
209 236
258 211
210 237
259 213
211 238
213 239
192 193
192 320
193 194
193 321
489 576
194 195
194 322
194 491
321 903
195 831
237 860
238 294
238 875
860 751
239 780
294 295
294 865
295 866
270 271
271 272
272 273
272 540
273 274
273 833
274 275
274 525
274 526
275 400
275 730
400 402
400 599
402 600
281 282
281 506
281 932
683 504
433 435
282 283
282 507
506 505
506 516
283 508
507 607
507 659
516 517
508 632
607 608
632 633
285 976
919 921
373 374
372 546
352 353
352 859
353 565
353 566
356 580
427 646
682 826
646 503
646 647
503 502
435 436
436 437
436 588
437 442
437 514
437 515
588 587
442 441
514 513
439 440
439 511
439 648
511 586
617 618
731 940
809 698
