22 37
22 77
22 98
22 18
22 6
22 9
22 106
22 31
22 70
22 7
22 0
22 76
37 80
37 36
37 41
37 33
37 58
37 79
37 63
37 29
37 11
37 61
77 113
77 19
77 78
77 91
18 75
80 102
36 53
36 67
113 51
113 13
113 54
113 109
113 89
51 47
51 81
51 2
51 30
51 50
51 57
51 110
51 88
51 72
47 92
47 84
47 16
47 17
47 87
47 68
47 45
47 48
47 74
47 66
47 46
92 101
92 65
92 95
92 94
92 114
84 83
84 111
16 52
16 86
16 59
17 28
17 42
81 82
81 44
101 60
101 5
101 49
101 90
101 99
101 105
101 14
101 85
101 24
65 96
83 104
83 1
83 23
83 25
83 26
83 35
82 62
60 12
5 39
104 27
104 8
104 69
104 40
104 56
104 71
1 10
1 21
1 32
1 64
25 55
39 112
39 4
27 100
27 103
27 108
10 20
10 15
10 34
10 107
10 97
20 73
20 93
34 43
34 3
34 38
