0 100
0 28
0 30
0 31
0 36
0 38
0 39
0 42
0 43
0 47
0 48
0 49
0 50
0 51
0 58
0 59
0 60
0 64
0 65
0 66
0 68
0 71
0 72
0 75
0 76
0 79
0 80
0 84
0 85
0 91
0 92
0 93
0 95
0 98
0 101
0 102
0 103
0 104
0 106
0 110
0 5
0 6
0 7
0 8
0 10
0 12
0 14
100 34
28 89
31 19
38 56
39 40
39 41
34 32
34 55
34 69
34 87
19 63
19 20
56 52
1 63
1 81
63 26
26 94
23 20
23 33
23 82
23 109
33 35
35 9
87 45
45 21
45 44
45 61
45 62
45 90
21 67
61 15
61 18
90 16
67 88
15 25
15 27
15 54
15 70
15 86
15 108
16 29
16 46
16 53
16 73
16 83
16 97
16 105
16 107
16 11
88 78
78 2
78 22
78 24
78 57
78 74
78 77
78 96
78 3
78 4
2 13
17 99
17 9
99 37
