0 1
0 44
1 97
1 105
1 120
1 52
1 66
44 158
44 24
44 118
44 124
44 129
44 130
44 134
44 144
44 159
44 163
44 168
44 4
44 14
44 15
44 18
44 30
44 41
44 43
44 48
44 50
44 51
44 53
44 75
97 91
105 103
120 147
52 35
52 94
52 123
52 126
52 138
52 153
52 177
52 84
66 57
66 100
66 76
66 77
66 78
118 119
130 131
134 135
144 145
18 19
41 42
48 49
51 81
91 46
91 98
91 99
91 117
91 121
91 148
91 164
91 5
91 9
91 20
91 27
91 37
91 39
91 40
91 62
91 67
91 82
103 92
103 68
103 90
103 93
103 101
103 108
103 110
103 112
103 115
103 122
103 137
103 176
103 179
103 21
103 22
103 23
103 64
103 69
103 70
103 87
147 136
147 2
147 95
147 104
147 106
147 127
147 132
147 142
147 152
147 154
147 156
147 170
147 174
147 7
147 16
147 28
147 31
147 54
147 56
147 58
147 59
147 60
147 83
126 114
126 139
126 141
126 146
126 160
126 166
126 3
126 11
126 25
126 45
126 71
126 72
126 73
126 74
126 85
68 79
101 102
108 109
110 111
112 113
115 116
179 169
64 65
148 149
164 165
5 6
9 10
37 38
62 161
79 178
102 162
114 125
139 140
166 167
11 12
25 26
45 47
2 13
95 96
106 107
127 128
132 133
142 143
154 155
156 157
170 171
174 175
7 8
16 17
28 29
31 32
54 55
58 61
60 89
178 33
33 150
33 34
33 36
33 88
38 172
38 86
150 151
34 63
36 80
172 173
