0 1
0 136
0 358
0 802
0 92
0 270
0 625
0 57
0 199
0 484
1 247
1 469
1 913
1 103
1 281
1 636
1 58
1 200
1 485
136 580
136 2
136 114
136 292
136 647
136 60
136 201
136 486
358 48
358 137
358 314
358 669
358 62
358 204
358 488
802 181
802 359
802 714
802 66
802 208
802 493
92 447
92 803
92 75
92 217
92 501
270 980
270 93
270 234
270 519
625 128
625 271
625 554
57 341
57 626
199 767
247 691
247 37
247 125
247 303
247 658
247 61
247 202
247 487
469 59
469 148
469 325
469 680
469 63
469 205
469 489
913 192
913 370
913 725
913 67
913 209
913 494
103 458
103 814
103 76
103 218
103 502
281 991
281 94
281 235
281 520
636 129
636 272
636 555
58 342
58 627
200 768
580 70
580 159
580 336
580 692
580 64
580 206
580 490
2 203
2 381
2 736
2 68
2 210
2 495
114 470
114 825
114 77
114 219
114 504
292 1002
292 95
292 237
292 521
647 130
647 273
647 556
60 343
60 628
201 770
48 225
48 403
48 758
48 71
48 212
48 497
137 492
137 847
137 79
137 221
137 506
314 3
314 97
314 239
314 523
669 132
669 275
669 559
62 345
62 630
204 772
181 536
181 891
181 84
181 226
181 510
359 31
359 101
359 243
359 528
714 138
714 279
714 563
66 350
66 634
208 776
447 40
447 110
447 253
447 537
803 146
803 288
803 572
75 360
75 643
217 785
980 164
980 306
980 590
93 377
93 661
234 804
128 412
128 697
271 839
341 909
691 81
691 170
691 347
691 703
691 65
691 207
691 491
37 214
37 392
37 747
37 69
37 211
37 496
125 481
125 836
125 78
125 220
125 505
303 1013
303 96
303 238
303 522
658 131
658 274
658 557
61 344
61 629
202 771
59 236
59 414
59 769
59 72
59 213
59 498
148 503
148 858
148 80
148 222
148 507
325 14
325 98
325 240
325 524
680 133
680 276
680 560
63 346
63 631
205 773
192 547
192 902
192 85
192 227
192 511
370 32
370 102
370 244
370 529
725 139
725 280
725 564
67 351
67 635
209 777
458 41
458 111
458 254
458 538
814 147
814 289
814 573
76 361
76 644
218 786
991 165
991 307
991 591
94 378
94 662
235 805
129 413
129 698
272 840
342 910
70 248
70 425
70 780
70 73
70 215
70 499
159 514
159 869
159 82
159 223
159 508
336 25
336 99
336 241
336 526
692 134
692 277
692 561
64 348
64 632
206 774
203 558
203 914
203 86
203 228
203 512
381 33
381 104
381 245
381 530
736 140
736 282
736 565
68 352
68 637
210 778
470 42
470 112
470 255
470 539
825 149
825 290
825 574
77 362
77 645
219 787
1002 166
1002 308
1002 593
95 379
95 663
237 806
130 415
130 699
273 841
343 911
81 259
81 436
81 791
81 74
81 216
81 500
170 525
170 880
170 83
170 224
170 509
347 30
347 100
347 242
347 527
703 135
703 278
703 562
65 349
65 633
207 775
214 569
214 925
214 87
214 229
214 513
392 34
392 105
392 246
392 531
747 141
747 283
747 566
69 353
69 638
211 779
481 43
481 113
481 256
481 540
836 150
836 291
836 575
78 363
78 646
220 788
1013 167
1013 309
1013 594
96 380
96 664
238 807
131 416
131 700
274 842
344 912
225 581
225 936
225 88
225 230
225 515
403 35
403 106
403 249
403 532
758 142
758 284
758 567
71 354
71 639
212 781
492 44
492 115
492 257
492 541
847 151
847 293
847 576
79 364
79 648
221 789
3 168
3 310
3 595
97 382
97 665
239 808
132 417
132 701
275 843
345 915
236 592
236 947
236 89
236 231
236 516
414 36
414 107
414 250
414 533
769 143
769 285
769 568
72 355
72 640
213 782
503 45
503 116
503 258
503 542
858 152
858 294
858 577
80 365
80 649
222 790
14 169
14 311
14 596
98 383
98 666
240 809
133 418
133 702
276 844
346 916
248 603
248 958
248 90
248 232
248 517
425 38
425 108
425 251
425 534
780 144
780 286
780 570
73 356
73 641
215 783
514 46
514 117
514 260
514 543
869 153
869 295
869 578
82 366
82 650
223 792
25 171
25 312
25 597
99 384
99 667
241 810
134 419
134 704
277 845
348 917
259 614
259 969
259 91
259 233
259 518
436 39
436 109
436 252
436 535
791 145
791 287
791 571
74 357
74 642
216 784
525 47
525 118
525 261
525 544
880 154
880 296
880 579
83 367
83 651
224 793
30 172
30 313
30 598
100 385
100 668
242 811
135 420
135 705
278 846
349 918
536 49
536 119
536 262
536 545
891 155
891 297
891 582
84 368
84 652
226 794
31 173
31 315
31 599
101 386
101 670
243 812
138 421
138 706
279 848
350 919
547 50
547 120
547 263
547 546
902 156
902 298
902 583
85 369
85 653
227 795
32 174
32 316
32 600
102 387
102 671
244 813
139 422
139 707
280 849
351 920
558 51
558 121
558 264
558 548
914 157
914 299
914 584
86 371
86 654
228 796
33 175
33 317
33 601
104 388
104 672
245 815
140 423
140 708
282 850
352 921
569 52
569 122
569 265
569 549
925 158
925 300
925 585
87 372
87 655
229 797
34 176
34 318
34 602
105 389
105 673
246 816
141 424
141 709
283 851
353 922
581 53
581 123
581 266
581 550
936 160
936 301
936 586
88 373
88 656
230 798
35 177
35 319
35 604
106 390
106 674
249 817
142 426
142 710
284 852
354 923
592 54
592 124
592 267
592 551
947 161
947 302
947 587
89 374
89 657
231 799
36 178
36 320
36 605
107 391
107 675
250 818
143 427
143 711
285 853
355 924
603 55
603 126
603 268
603 552
958 162
958 304
958 588
90 375
90 659
232 800
38 179
38 321
38 606
108 393
108 676
251 819
144 428
144 712
286 854
356 926
614 56
614 127
614 269
614 553
969 163
969 305
969 589
91 376
91 660
233 801
39 180
39 322
39 607
109 394
109 677
252 820
145 429
145 713
287 855
357 927
40 182
40 323
40 608
110 395
110 678
253 821
146 430
146 715
288 856
360 928
41 183
41 324
41 609
111 396
111 679
254 822
147 431
147 716
289 857
361 929
42 184
42 326
42 610
112 397
112 681
255 823
149 432
149 717
290 859
362 930
43 185
43 327
43 611
113 398
113 682
256 824
150 433
150 718
291 860
363 931
44 186
44 328
44 612
115 399
115 683
257 826
151 434
151 719
293 861
364 932
45 187
45 329
45 613
116 400
116 684
258 827
152 435
152 720
294 862
365 933
46 188
46 330
46 615
117 401
117 685
260 828
153 437
153 721
295 863
366 934
47 189
47 331
47 616
118 402
118 686
261 829
154 438
154 722
296 864
367 935
49 190
49 332
49 617
119 404
119 687
262 830
155 439
155 723
297 865
368 937
50 191
50 333
50 618
120 405
120 688
263 831
156 440
156 724
298 866
369 938
51 193
51 334
51 619
121 406
121 689
264 832
157 441
157 726
299 867
371 939
52 194
52 335
52 620
122 407
122 690
265 833
158 442
158 727
300 868
372 940
53 195
53 337
53 621
123 408
123 693
266 834
160 443
160 728
301 870
373 941
54 196
54 338
54 622
124 409
124 694
267 835
161 444
161 729
302 871
374 942
55 197
55 339
55 623
126 410
126 695
268 837
162 445
162 730
304 872
375 943
56 198
56 340
56 624
127 411
127 696
269 838
163 446
163 731
305 873
376 944
164 448
164 732
306 874
377 945
165 449
165 733
307 875
378 946
166 450
166 734
308 876
379 948
167 451
167 735
309 877
380 949
168 452
168 737
310 878
382 950
169 453
169 738
311 879
383 951
171 454
171 739
312 881
384 952
172 455
172 740
313 882
385 953
173 456
173 741
315 883
386 954
174 457
174 742
316 884
387 955
175 459
175 743
317 885
388 956
176 460
176 744
318 886
389 957
177 461
177 745
319 887
390 959
178 462
178 746
320 888
391 960
179 463
179 748
321 889
393 961
180 464
180 749
322 890
394 962
182 465
182 750
323 892
395 963
183 466
183 751
324 893
396 964
184 467
184 752
326 894
397 965
185 468
185 753
327 895
398 966
186 471
186 754
328 896
399 967
187 472
187 755
329 897
400 968
188 473
188 756
330 898
401 970
189 474
189 757
331 899
402 971
190 475
190 759
332 900
404 972
191 476
191 760
333 901
405 973
193 477
193 761
334 903
406 974
194 478
194 762
335 904
407 975
195 479
195 763
337 905
408 976
196 480
196 764
338 906
409 977
197 482
197 765
339 907
410 978
198 483
198 766
340 908
411 979
412 981
413 982
415 983
416 984
417 985
418 986
419 987
420 988
421 989
422 990
423 992
424 993
426 994
427 995
428 996
429 997
430 998
431 999
432 1000
433 1001
434 1003
435 1004
437 1005
438 1006
439 1007
440 1008
441 1009
442 1010
443 1011
444 1012
445 1014
446 1015
448 1016
449 1017
450 1018
451 1019
452 1020
453 1021
454 1022
455 1023
456 4
457 5
459 6
460 7
461 8
462 9
463 10
464 11
465 12
466 13
467 15
468 16
471 17
472 18
473 19
474 20
475 21
476 22
477 23
478 24
479 26
480 27
482 28
483 29
