0 372
0 21
372 387
372 104
372 244
372 303
21 358
21 194
21 149
387 425
303 196
358 398
149 461
149 432
149 478
149 405
149 191
1 77
1 161
1 463
1 148
77 279
77 388
161 431
161 120
161 202
161 397
161 343
161 281
463 16
148 443
148 325
148 365
148 212
388 140
431 5
431 243
202 78
343 150
343 290
281 354
281 132
16 375
443 115
325 186
325 87
365 246
365 313
212 49
110 215
110 54
110 231
110 447
110 289
110 108
215 263
215 113
215 163
215 291
54 285
54 283
54 225
54 370
231 328
231 35
231 264
447 474
447 418
447 356
289 455
289 404
289 410
108 300
108 341
108 251
108 138
108 301
108 331
263 271
263 184
263 85
163 457
291 465
285 4
283 236
370 95
328 274
264 361
264 366
264 362
264 363
474 248
418 435
418 197
418 114
418 340
404 143
331 105
219 354
219 435
219 292
435 478
435 193
292 7
292 43
292 125
292 276
292 278
478 156
193 42
193 141
278 326
278 338
278 80
278 270
326 57
326 88
326 153
326 294
57 79
57 221
88 453
88 10
153 69
153 131
153 168
153 198
153 383
294 479
294 436
294 287
294 65
79 249
453 429
453 449
69 220
479 377
479 318
479 423
436 280
436 335
436 40
287 145
287 228
65 299
65 384
429 67
429 56
429 268
67 124
67 97
67 307
67 257
67 386
124 305
124 174
97 433
97 349
97 173
97 379
307 459
307 392
257 52
386 45
386 155
386 368
386 25
386 204
386 324
449 34
449 348
449 165
440 408
440 445
408 434
408 63
408 91
445 401
445 339
445 262
445 350
434 342
434 121
63 258
91 197
262 201
262 359
450 465
465 14
465 181
14 12
14 238
181 195
461 28
28 437
28 245
28 60
437 352
60 222
60 272
432 182
432 216
191 73
191 137
471 123
471 197
123 128
197 38
197 452
197 207
128 250
452 253
452 83
452 376
207 409
207 46
207 61
207 185
2 59
2 135
135 173
135 374
135 371
13 99
13 203
13 75
99 89
99 50
99 241
203 48
203 154
75 260
75 399
89 49
50 424
50 96
241 464
241 351
48 24
154 367
260 439
260 22
260 30
34 200
34 107
200 315
200 419
200 102
200 139
107 468
107 380
107 166
107 130
107 353
107 298
315 17
315 420
419 116
419 90
419 217
419 337
165 333
165 422
468 421
380 122
380 189
380 323
45 158
45 106
45 160
158 345
106 152
106 321
106 109
160 199
160 385
155 360
155 214
368 11
368 6
368 167
25 84
324 175
324 304
321 144
321 319
321 329
385 480
385 295
433 9
433 481
433 66
433 309
349 55
379 147
379 413
78 469
469 211
469 428
469 94
469 393
469 266
94 460
94 31
94 41
94 259
94 284
393 179
49 126
49 254
22 427
22 192
424 232
351 275
111 249
111 98
111 23
111 446
249 205
249 293
446 412
446 476
412 477
412 273
122 330
122 178
330 208
330 190
330 235
330 373
373 282
133 457
133 438
457 164
457 430
438 68
430 101
430 92
68 58
68 146
68 277
319 26
319 36
319 297
360 51
214 206
214 317
214 218
214 369
232 18
206 312
271 188
184 355
184 416
85 256
175 176
176 470
460 119
41 344
277 442
156 103
253 37
253 86
83 118
313 237
409 230
46 100
61 302
220 265
265 233
362 252
242 129
242 475
242 327
129 177
475 407
475 411
475 314
327 95
411 441
314 357
95 210
95 378
37 261
86 171
86 213
355 71
355 336
256 136
398 334
398 308
398 229
398 15
377 414
335 296
40 172
17 288
378 347
378 394
347 39
347 3
347 159
3 415
3 396
415 467
415 169
334 454
334 112
334 381
229 444
15 426
11 316
6 142
167 117
167 223
316 44
316 183
316 390
142 458
223 162
273 286
36 187
302 19
381 320
444 226
444 462
444 127
230 406
90 400
337 209
337 239
337 310
92 395
92 227
395 391
243 224
243 247
224 8
182 82
182 389
389 466
481 53
481 332
309 382
141 306
352 180
441 402
441 364
364 20
364 74
364 151
151 64
462 322
127 448
127 267
258 403
448 29
29 32
32 93
422 456
451 55
282 472
282 170
467 27
169 346
472 47
472 417
473 150
473 76
76 311
311 157
295 240
18 62
84 255
255 72
72 269
33 346
344 70
236 81
134 240
306 234
