0 478
0 446
0 494
0 3
0 72
0 95
0 138
0 158
0 166
0 177
0 202
0 229
0 236
0 251
0 291
0 325
0 344
0 370
0 393
0 431
0 437
478 35
478 447
478 452
478 38
478 81
478 109
478 110
478 122
478 144
478 160
478 218
478 221
478 225
478 264
478 276
478 287
478 304
478 314
478 320
478 328
478 337
478 358
478 375
478 443
446 24
446 46
446 101
446 212
446 235
446 246
446 379
446 468
446 73
446 85
446 94
446 106
446 119
446 121
446 136
446 206
446 232
446 253
446 273
446 319
446 356
446 385
494 146
494 268
494 453
494 472
494 473
494 481
494 487
494 14
494 19
494 56
494 64
494 281
494 303
494 321
494 350
494 365
494 384
494 399
494 418
3 113
3 290
3 462
3 470
3 491
3 7
3 15
3 45
3 53
3 60
3 71
3 127
3 134
3 151
3 175
3 211
3 248
3 255
3 408
3 410
72 103
72 130
72 152
72 186
72 237
72 280
72 411
95 2
95 301
95 475
95 27
95 61
95 80
95 87
95 89
95 123
95 159
95 174
95 176
95 228
95 293
95 295
95 371
138 335
138 449
138 493
138 497
138 34
138 41
138 49
138 97
138 200
138 203
138 204
138 254
138 262
138 315
138 336
138 386
138 424
138 427
158 346
158 460
158 485
158 192
158 210
158 233
158 242
158 259
158 317
158 333
158 398
166 390
166 498
166 12
166 20
166 29
166 50
166 131
166 145
166 170
166 182
166 266
177 74
177 133
177 143
177 238
177 392
177 396
177 421
177 439
202 484
202 10
202 21
202 140
202 173
202 207
202 214
202 284
202 300
202 326
202 397
202 420
229 190
229 8
229 32
229 51
229 120
229 149
229 154
229 311
229 338
229 353
229 404
229 429
236 55
236 65
236 86
236 100
236 180
236 219
236 252
236 294
236 391
236 416
236 430
251 223
251 57
251 492
251 6
251 17
251 69
251 171
251 283
251 309
251 322
251 440
291 465
291 77
291 88
291 185
291 197
291 275
291 362
291 409
291 425
291 435
325 467
325 489
325 157
325 474
325 477
325 5
325 82
325 104
325 241
325 364
325 369
325 374
344 215
344 234
370 90
370 423
370 496
370 26
370 37
370 83
370 141
370 142
370 169
370 172
370 209
370 286
370 297
370 407
393 456
393 459
393 464
393 58
393 115
393 139
393 258
393 269
393 367
393 432
431 93
431 96
431 243
431 245
431 247
431 310
431 341
431 348
431 389
437 323
437 25
437 148
437 195
437 261
437 278
437 306
437 345
437 361
437 417
447 1
447 469
447 488
447 47
447 194
447 339
447 433
144 483
144 495
144 75
221 457
221 277
221 302
221 332
264 307
320 31
320 150
320 217
358 279
358 378
101 405
453 135
19 78
19 226
19 343
151 224
151 220
255 400
2 168
89 342
89 351
371 79
371 312
371 479
371 52
371 222
203 43
203 198
203 239
203 331
12 445
12 401
12 44
12 193
12 377
484 458
484 4
326 112
326 270
326 415
397 318
420 128
51 28
51 105
51 126
51 155
51 227
51 296
51 359
51 372
51 376
51 382
51 402
55 403
65 22
65 63
65 184
430 48
430 54
430 116
430 161
430 240
430 308
223 201
223 434
223 59
77 373
467 70
489 334
489 272
364 387
374 98
37 179
142 147
258 13
258 482
258 16
258 196
258 205
258 244
258 327
258 349
258 395
1 257
1 476
1 9
1 39
1 129
1 231
1 256
1 436
1 438
1 441
257 412
257 108
257 132
257 213
257 274
257 383
476 471
476 11
476 23
476 156
476 162
476 188
476 414
9 30
9 117
9 230
9 305
9 388
9 426
9 428
39 68
39 480
39 289
39 330
39 355
39 360
39 442
129 33
129 40
129 62
129 67
129 183
129 250
129 288
129 380
129 406
231 466
231 111
231 340
231 381
256 455
256 490
256 499
256 42
256 76
256 102
256 263
256 324
436 124
436 163
436 199
438 18
441 368
441 137
441 347
441 366
471 216
117 165
117 181
359 461
376 454
376 153
376 164
33 260
33 271
40 125
40 444
288 419
16 413
327 450
327 394
112 451
112 292
479 282
451 191
451 316
292 448
292 486
292 118
292 267
292 298
226 107
226 208
226 265
226 352
226 363
43 178
201 463
201 36
201 299
434 66
434 249
59 91
59 167
59 187
59 313
279 92
334 357
334 84
334 329
357 99
357 114
357 422
329 285
272 189
450 354
