0 90
0 235
0 257
0 379
0 446
0 7
0 44
0 132
0 236
0 266
0 349
0 378
90 475
90 243
90 291
90 347
90 367
90 399
90 429
235 113
235 29
235 283
235 324
235 382
235 435
257 466
257 256
257 392
257 438
379 168
379 494
379 69
379 175
379 181
379 261
379 318
379 426
446 471
446 128
446 155
446 158
446 209
446 211
446 276
7 335
7 465
7 53
7 92
7 122
7 161
7 208
7 226
7 313
7 352
7 366
7 442
44 461
44 21
44 54
44 63
44 81
44 83
44 87
44 263
44 440
132 467
132 448
132 457
132 14
132 99
132 151
132 213
132 233
132 234
132 239
132 278
132 317
132 320
132 427
236 68
236 212
236 346
236 412
236 52
236 221
236 242
236 297
236 302
236 371
236 395
266 472
266 493
266 15
266 73
266 82
266 93
266 167
266 240
266 294
266 354
266 380
266 422
266 441
349 246
349 491
349 50
349 165
349 176
349 244
349 271
349 321
349 385
378 497
378 38
378 89
378 214
475 223
475 450
475 191
475 281
347 115
347 177
429 225
438 449
438 219
168 40
318 496
318 108
318 118
318 172
318 192
318 304
318 443
155 215
335 290
335 273
335 403
122 342
161 116
313 408
442 4
21 230
21 431
54 357
54 463
54 47
467 18
467 143
68 498
412 447
412 16
412 162
412 355
52 57
52 411
242 86
242 119
73 268
82 262
82 282
82 305
82 384
82 436
82 437
82 439
167 125
167 188
354 452
354 75
354 217
422 473
422 17
422 333
441 251
441 327
50 1
50 470
50 67
50 76
50 129
50 420
176 173
244 487
1 41
1 109
1 126
1 144
1 292
1 400
1 404
41 464
41 148
41 169
41 322
41 394
109 112
109 423
109 43
109 49
109 123
109 174
109 189
109 247
109 337
109 377
126 434
126 480
126 253
126 285
126 287
126 331
144 483
144 3
144 36
144 56
144 127
144 170
144 254
144 316
144 328
144 419
292 101
292 495
292 30
292 178
292 265
292 269
400 24
400 159
400 180
400 196
400 229
400 364
404 179
404 279
404 10
404 171
404 314
404 418
148 138
148 232
148 303
420 12
420 26
420 66
420 114
420 166
420 252
420 428
112 456
112 8
112 84
112 120
112 145
112 260
112 280
112 340
423 60
480 368
480 31
480 147
253 186
483 200
483 325
101 445
101 295
30 195
178 163
180 332
279 71
314 35
314 62
314 74
314 222
456 490
456 34
456 59
456 117
456 134
456 376
456 383
456 387
456 396
8 6
8 360
84 455
84 23
84 25
84 160
84 277
84 432
120 228
120 275
120 315
120 329
120 348
120 409
120 425
145 13
145 156
145 255
145 433
260 462
260 152
260 308
260 310
280 140
280 372
340 478
340 451
340 499
340 64
340 106
340 259
340 284
340 391
490 204
34 345
59 459
59 51
59 95
59 270
117 58
117 417
134 104
376 474
376 237
376 264
383 468
383 20
383 344
437 193
437 402
13 286
156 476
156 370
255 389
462 410
172 133
192 330
478 110
478 361
106 80
449 334
449 323
449 136
449 139
223 301
223 401
223 19
223 85
223 91
223 121
223 182
223 231
223 296
223 381
301 469
301 477
301 485
301 22
301 32
301 70
401 11
401 37
401 88
401 131
401 207
19 312
19 61
19 184
19 272
19 326
19 421
19 430
85 141
85 289
91 197
91 309
121 460
121 482
121 5
121 65
121 72
121 218
121 248
182 107
182 142
182 187
182 199
182 293
182 398
231 46
231 100
231 103
231 210
231 250
231 298
231 300
231 307
231 338
231 416
296 157
296 183
296 406
381 190
381 481
381 149
381 306
381 374
32 202
32 249
88 205
450 98
450 288
450 350
450 358
191 390
191 454
184 9
326 135
326 55
289 185
309 194
460 111
482 27
482 102
5 79
248 45
293 28
293 105
250 267
298 492
300 356
338 227
183 351
35 488
75 146
75 39
75 245
75 413
481 319
327 224
327 130
327 206
327 405
334 375
334 388
334 414
375 137
375 397
375 444
388 458
388 77
388 78
414 150
78 33
78 154
78 258
78 363
78 365
445 198
445 238
445 336
445 353
198 2
198 96
238 274
238 393
336 486
353 164
353 373
353 415
353 424
447 201
2 489
2 369
415 453
415 479
424 48
18 362
143 339
143 407
468 343
344 203
110 124
110 359
361 42
361 341
489 94
489 386
94 484
94 311
386 241
286 153
286 220
488 97
57 299
498 216
