0 223
0 79
0 179
0 235
0 490
0 5
0 58
0 102
0 116
0 138
0 194
0 250
0 263
0 270
0 298
0 310
0 315
0 317
0 336
0 397
0 399
223 335
223 99
223 294
79 390
79 6
79 237
79 291
79 406
179 374
490 495
490 234
490 360
5 19
5 82
5 92
5 141
5 188
5 281
5 305
5 362
116 22
116 272
116 417
194 31
397 60
397 147
397 253
99 473
60 472
1 452
1 458
1 485
1 40
1 50
1 61
1 89
1 91
1 93
1 121
1 122
1 191
1 198
1 230
1 233
1 295
1 321
1 322
1 341
1 414
1 436
452 113
452 454
452 75
452 131
452 158
452 170
452 174
452 375
458 450
458 30
458 51
458 59
458 239
458 339
458 367
485 457
485 15
485 27
485 86
485 110
485 145
485 196
485 218
485 227
485 247
485 356
485 391
40 74
40 203
40 255
50 445
50 279
50 474
50 475
50 107
50 383
61 38
61 139
61 156
61 420
89 379
91 229
93 150
93 278
121 10
121 155
121 169
121 217
121 351
122 286
122 297
122 380
191 456
191 167
191 199
191 276
198 8
198 126
198 349
198 400
198 409
198 440
230 159
230 324
233 120
321 202
321 214
321 333
454 197
450 461
450 262
450 266
450 345
445 168
445 16
445 28
445 67
445 308
445 408
445 418
445 444
279 206
279 265
474 90
474 497
474 37
474 64
474 342
474 407
474 438
474 441
456 472
456 11
456 44
456 48
456 130
456 142
456 160
456 209
456 251
456 296
456 377
456 428
214 100
112 323
112 14
112 32
112 129
112 132
112 134
112 316
112 358
112 416
323 334
323 224
323 47
323 52
323 63
323 100
323 175
323 178
323 208
323 325
323 329
323 352
323 386
323 403
323 422
14 481
14 371
14 373
14 376
32 241
334 35
334 449
334 222
334 249
334 252
100 471
100 9
175 477
175 496
175 355
175 361
175 392
329 135
329 195
329 216
373 88
35 459
35 25
35 39
35 98
35 111
35 133
35 164
35 186
35 282
35 306
35 442
449 148
222 210
222 221
249 448
249 258
249 304
252 493
252 433
459 465
459 117
459 128
459 137
459 172
459 242
459 340
459 432
25 488
25 343
25 411
25 431
39 62
39 78
39 154
133 307
477 101
477 18
477 274
477 394
493 385
135 466
135 94
135 161
168 13
168 312
168 29
168 140
168 205
168 248
168 261
168 354
168 364
168 372
168 382
168 402
168 435
28 494
28 152
28 338
67 257
67 368
67 483
67 42
67 73
67 204
418 72
444 357
140 467
90 303
90 370
72 478
357 21
357 97
357 187
357 405
357 419
472 124
472 462
472 482
472 70
472 104
472 127
472 348
467 157
467 412
467 453
467 486
467 118
467 177
467 211
467 244
467 260
467 313
467 393
467 395
467 404
412 68
412 4
453 470
453 3
453 23
453 171
453 277
453 283
453 285
453 314
453 350
395 57
395 429
57 455
57 492
57 95
57 189
57 269
57 331
57 387
478 468
478 476
478 34
478 36
478 66
478 84
478 85
478 105
478 163
478 183
478 184
478 292
478 326
478 328
478 347
478 369
478 398
478 427
468 423
66 346
66 53
326 192
326 337
328 480
328 119
328 181
328 240
328 284
328 309
181 489
489 201
489 246
489 301
489 469
489 484
489 491
489 498
489 26
489 43
489 56
489 71
489 76
489 96
489 103
489 108
489 125
489 143
489 149
489 185
489 213
489 220
489 226
489 238
489 264
489 273
489 288
489 327
489 366
489 410
489 421
201 388
246 17
246 33
246 41
246 151
246 176
246 219
246 225
246 236
246 256
246 289
246 320
246 330
246 384
246 424
246 443
301 182
301 280
301 437
484 109
484 115
484 332
498 446
498 447
498 499
498 243
498 293
498 299
103 83
108 190
115 2
190 144
2 268
2 401
2 451
2 463
2 479
2 69
2 77
2 80
2 114
2 123
2 162
2 165
2 200
2 207
2 245
2 267
2 287
2 302
2 319
2 396
2 413
268 24
268 46
268 290
268 464
268 87
268 106
268 173
268 228
268 254
268 271
268 275
268 439
401 12
401 65
401 259
401 311
401 359
401 415
451 146
451 212
451 460
451 20
451 45
451 81
451 193
451 231
451 425
463 487
463 215
479 153
146 365
146 378
488 434
455 363
21 232
466 180
466 426
94 54
94 55
94 300
94 353
94 389
365 381
365 430
434 7
434 49
434 136
434 166
434 318
434 344
