0 57
0 472
0 82
0 262
0 296
0 442
57 485
57 15
57 129
57 138
57 238
57 317
57 339
472 55
82 94
82 109
82 187
82 233
82 290
262 3
442 68
442 113
442 376
485 483
485 72
485 185
129 273
138 422
138 162
317 128
317 275
109 167
113 389
113 105
113 142
1 488
1 78
1 87
1 117
1 170
1 197
1 287
1 337
1 408
1 429
1 435
1 439
488 246
488 351
78 123
87 90
87 448
87 139
87 191
197 479
197 120
429 95
429 390
351 210
351 355
123 189
123 300
123 99
123 183
90 241
90 298
90 365
139 200
139 224
95 334
111 112
111 30
111 132
111 151
111 227
111 293
111 301
112 159
112 180
112 430
30 29
30 248
30 310
30 327
227 125
227 388
159 495
159 75
159 396
180 449
180 56
430 400
430 67
310 307
222 25
222 88
222 101
222 155
222 274
222 276
222 305
222 366
25 270
25 364
25 426
88 40
88 413
101 367
101 446
101 480
101 199
155 476
155 468
155 81
155 209
155 341
305 213
305 312
270 86
270 115
270 212
367 234
446 98
199 329
476 487
476 451
476 48
476 108
476 175
476 244
333 464
333 36
333 247
333 265
333 323
333 409
333 419
265 156
265 452
265 158
265 338
265 349
323 481
323 103
323 107
323 403
409 198
156 52
156 146
156 294
452 79
452 143
452 254
349 331
349 369
443 85
443 110
85 4
85 70
85 235
85 272
85 421
110 354
4 359
70 223
454 278
454 19
454 39
454 64
454 121
454 394
454 418
278 14
278 20
278 153
278 263
278 283
278 313
19 24
19 411
19 93
19 279
19 302
19 344
19 346
19 361
39 37
39 324
418 300
418 160
418 173
418 405
24 80
24 299
24 415
346 423
300 194
465 450
465 33
465 157
465 264
465 304
465 348
450 256
450 195
33 58
33 257
33 410
304 240
256 100
410 102
487 119
487 127
487 297
451 145
451 311
451 486
451 9
451 12
451 18
451 219
451 221
451 249
451 414
451 416
48 497
48 406
48 437
108 149
108 184
108 214
108 269
175 325
175 352
119 161
119 326
145 475
145 51
145 177
311 11
486 473
486 118
486 280
9 477
9 188
184 242
326 21
2 13
13 289
13 391
13 402
289 461
289 38
391 194
80 17
80 41
80 318
299 471
299 441
471 422
35 334
35 455
35 205
35 255
35 268
35 292
35 372
35 387
334 135
334 203
334 258
334 266
455 21
455 152
205 114
205 206
255 122
255 393
255 427
268 496
268 319
268 392
292 32
372 211
21 456
46 345
46 378
46 102
46 150
46 220
46 358
345 445
345 431
378 50
150 433
150 462
150 474
150 69
150 140
220 43
220 281
433 236
69 463
69 31
43 347
483 282
483 309
162 79
162 124
79 176
241 239
241 250
241 440
298 134
298 291
200 343
200 370
250 42
250 171
134 412
291 482
100 27
100 133
100 232
100 252
27 131
133 484
133 62
62 178
495 322
449 356
189 328
189 398
99 126
328 8
328 284
328 306
482 458
475 460
475 16
475 186
475 204
177 137
460 71
460 330
16 218
473 321
473 401
52 459
52 466
52 106
52 201
52 286
52 315
146 420
466 308
315 83
167 54
167 61
167 144
167 154
167 243
167 295
167 438
54 457
54 74
54 229
54 374
54 381
61 332
144 225
374 336
178 34
178 148
178 179
178 192
178 216
178 217
178 231
178 353
178 395
34 45
148 469
148 92
148 136
148 360
148 385
179 5
179 141
217 336
217 379
45 384
8 453
343 84
343 207
343 371
343 432
370 223
370 380
207 76
223 104
104 267
104 444
234 428
428 467
428 89
428 303
428 383
467 492
467 6
467 47
245 493
245 7
245 320
245 386
245 404
493 489
493 130
493 166
7 447
7 44
320 307
320 335
404 60
404 375
489 470
130 342
447 285
447 308
447 316
447 424
44 174
44 340
307 362
322 261
322 277
322 436
261 10
261 22
261 26
261 73
261 271
22 59
22 182
22 230
26 91
26 97
26 196
26 226
73 215
356 491
356 53
356 164
356 377
182 251
182 260
182 314
182 417
463 165
463 397
285 202
285 259
285 363
285 425
308 65
308 116
174 63
174 66
174 77
116 288
453 96
453 147
453 168
453 169
453 368
96 172
96 208
458 181
71 193
71 399
399 478
478 23
478 28
478 49
478 163
478 237
478 253
478 382
478 434
23 357
49 494
282 350
282 407
490 228
490 359
490 373
91 190
